<?xml version="1.0" encoding="UTF-8"?>
<map version="1.9" tiledversion="1.9.1" orientation="orthogonal" renderorder="right-down" width="11" height="15" tilewidth="100" tileheight="100" infinite="0" nextlayerid="16" nextobjectid="1">
 <tileset firstgid="1" source="../../map_monster.tsx"/>
 <tileset firstgid="10001" source="../../map_boss.tsx"/>
 <tileset firstgid="20001" source="../../map_good.tsx"/>
 <layer id="5" name="layer1" width="11" height="15" visible="0">
  <data encoding="csv">
3138,21005,0,0,0,0,0,0,0,21005,3138,
21005,21005,0,0,0,0,0,0,0,21005,21005,
0,0,0,0,0,0,0,0,0,0,0,
21007,0,0,0,0,0,0,0,0,0,21007,
21007,0,0,0,0,15069,0,0,0,0,21007,
21007,0,0,0,0,0,0,0,0,0,21007,
21007,0,0,0,0,0,0,0,0,0,21007,
21007,0,0,0,0,0,0,0,0,0,21007,
21007,0,0,0,0,0,0,0,0,0,21007,
21007,3171,0,0,0,0,0,0,0,3171,21007,
21007,0,0,0,0,0,0,0,0,0,21007,
21007,0,0,0,0,0,0,0,0,0,21007,
0,0,0,0,0,0,0,0,0,0,0,
21005,21005,0,0,0,0,0,0,0,21005,21005,
0,21005,0,0,0,0,0,0,0,21005,0
</data>
 </layer>
 <layer id="10" name="layer2" width="11" height="15" visible="0">
  <data encoding="csv">
0,21007,0,0,0,0,0,0,0,0,0,
3098,21007,0,0,0,0,0,0,0,0,0,
0,21007,0,0,0,0,0,0,0,0,0,
0,21007,0,0,0,0,0,0,0,0,0,
0,21007,0,0,0,0,0,0,0,0,0,
3098,21007,0,0,0,0,15092,0,0,0,0,
0,21007,0,0,0,0,0,0,0,0,0,
0,21007,0,0,0,0,3170,0,0,0,0,
0,21007,0,0,0,0,0,0,0,0,0,
3098,21007,0,0,0,0,0,0,0,0,0,
0,21007,0,0,0,0,0,0,0,0,0,
0,21007,0,0,0,0,0,0,0,0,0,
0,21007,0,0,0,0,0,0,0,0,0,
0,21007,0,0,0,0,0,0,0,0,0,
0,21007,0,0,0,0,0,0,0,0,0
</data>
 </layer>
 <layer id="11" name="layer3" width="11" height="15" visible="0">
  <data encoding="csv">
0,0,0,0,0,0,0,0,0,0,0,
0,0,0,22003,0,0,0,22004,0,0,0,
0,0,3222,22010,0,0,0,22010,3222,0,0,
0,22008,22011,22016,22011,22011,22011,22016,22011,22009,0,
0,0,0,22010,0,0,0,22010,0,0,0,
0,0,0,22010,0,15094,0,22010,0,0,0,
0,0,0,22010,0,0,0,22010,0,0,0,
0,22007,22011,22016,22011,22011,22011,22016,22011,22006,0,
0,0,0,22010,0,0,0,22010,0,0,0,
0,3129,0,22002,0,0,0,22005,0,3129,0,
0,0,0,0,0,0,0,0,0,0,0,
0,0,0,0,0,0,0,0,0,0,0,
0,0,0,0,0,0,0,0,0,0,0,
0,0,0,0,0,0,0,0,0,0,0,
0,0,0,0,0,0,0,0,0,0,0
</data>
 </layer>
 <layer id="12" name="layer4" width="11" height="15" visible="0">
  <data encoding="csv">
0,0,0,0,0,0,0,0,0,0,0,
0,0,0,0,0,21005,0,0,0,0,0,
0,0,0,0,0,0,0,0,0,0,0,
0,3039,0,21005,0,0,0,21005,0,3039,0,
0,0,0,0,0,0,0,0,0,0,0,
0,21005,0,0,0,15042,0,0,0,21005,0,
0,0,0,0,0,0,0,0,0,0,0,
0,3129,0,21005,0,0,0,21005,0,3129,0,
0,0,0,0,0,0,0,0,0,0,0,
0,0,0,0,0,21005,0,0,0,0,0,
0,0,0,0,0,0,0,0,0,0,0,
0,0,0,0,0,0,0,0,0,0,0,
0,0,0,0,0,0,0,0,0,0,0,
0,0,0,0,0,0,0,0,0,0,0,
0,0,0,0,0,0,0,0,0,0,0
</data>
 </layer>
 <layer id="13" name="layer5" width="11" height="15" visible="0">
  <data encoding="csv">
0,0,0,0,0,0,0,0,0,0,0,
0,0,0,0,0,0,0,0,0,0,0,
0,0,0,0,0,0,0,0,0,0,0,
0,0,0,0,0,21005,3067,0,0,0,0,
0,0,0,3226,21005,0,21005,0,0,0,0,
0,0,0,21005,0,15042,0,21005,0,0,0,
0,0,0,0,21005,0,21005,3226,0,0,0,
0,0,0,0,3067,21005,0,0,0,0,0,
0,0,0,0,0,0,0,0,0,0,0,
0,0,0,0,0,0,0,0,0,0,0,
0,0,0,0,0,0,0,0,0,0,0,
0,0,0,0,0,0,0,0,0,0,0,
0,0,0,0,0,0,0,0,0,0,0,
0,0,0,0,0,0,0,0,0,0,0,
0,0,0,0,0,0,0,0,0,0,0
</data>
 </layer>
</map>
