<?xml version="1.0" encoding="UTF-8"?>
<map version="1.9" tiledversion="1.9.1" orientation="orthogonal" renderorder="right-down" width="11" height="21" tilewidth="100" tileheight="100" infinite="0" nextlayerid="20" nextobjectid="1">
 <tileset firstgid="1" source="../../map_monster.tsx"/>
 <tileset firstgid="10001" source="../../map_boss.tsx"/>
 <tileset firstgid="20001" source="../../map_good.tsx"/>
 <layer id="1" name="layer1" width="11" height="21" visible="0">
  <data encoding="csv">
21005,0,0,0,0,0,0,0,0,0,21005,
21005,0,0,0,0,0,0,0,0,0,21005,
21005,0,0,0,0,0,0,0,0,0,21005,
21005,0,0,0,0,0,0,0,0,0,21005,
21002,0,0,0,3205,0,0,0,0,0,21002,
0,0,0,0,0,0,0,0,0,0,0,
0,0,0,0,0,0,0,0,0,0,0,
0,0,0,0,0,0,0,0,0,0,0,
15095,0,0,0,0,0,0,3149,0,0,15095,
0,0,0,0,0,0,0,0,0,0,0,
0,0,0,0,0,3211,0,0,0,0,0,
0,0,0,0,0,0,0,0,0,0,0,
0,0,0,3149,0,0,0,0,0,0,0,
21002,0,0,0,0,0,0,0,0,0,21002,
21005,0,0,0,0,0,0,0,0,0,21005,
21005,0,0,0,0,0,0,3205,0,0,21005,
21005,0,0,0,0,0,0,0,0,0,21005,
21005,0,0,0,0,0,0,0,0,0,21005,
21005,0,0,0,0,0,0,0,0,0,21005,
21005,0,0,0,0,0,0,0,0,0,21005,
21005,0,0,0,0,0,0,0,0,0,21005
</data>
 </layer>
 <layer id="16" name="layer2" width="11" height="21" visible="0">
  <data encoding="csv">
0,0,0,0,0,0,0,0,0,0,0,
0,0,0,0,0,0,0,0,0,0,0,
0,0,0,0,21005,0,21005,0,0,0,0,
0,0,0,21005,0,21005,0,21005,0,0,0,
0,0,0,0,0,0,0,0,0,0,0,
0,0,3139,0,0,15095,0,0,0,0,0,
0,0,0,0,0,0,0,0,0,0,0,
0,0,0,0,0,0,0,0,3197,0,0,
0,0,0,0,0,0,0,0,0,0,0,
0,0,0,0,0,0,0,0,0,0,0,
0,21005,0,0,0,3198,0,0,0,21005,0,
21005,0,21005,0,0,0,0,0,21005,0,21005,
0,0,0,0,0,15095,0,0,3139,0,0,
0,0,0,0,0,0,0,0,0,0,0,
0,0,0,0,0,0,0,0,0,0,0,
0,0,3197,0,0,0,0,0,0,0,0,
0,0,0,0,0,0,0,0,0,0,0,
0,0,0,0,0,0,0,0,0,0,0,
0,0,21005,0,0,0,0,0,21005,0,0,
0,21005,0,0,0,0,0,0,0,21005,0,
21005,0,0,0,0,0,0,0,0,0,21005
</data>
 </layer>
 <layer id="15" name="layer3" width="11" height="21" visible="0">
  <data encoding="csv">
0,0,0,0,0,0,0,0,0,0,0,
0,0,0,0,0,0,0,0,0,0,0,
0,0,3226,0,0,22004,0,0,3094,0,0,
0,0,0,0,0,22010,0,0,0,0,0,
0,0,0,0,0,22010,0,0,0,0,0,
0,0,15095,0,0,22010,0,0,15095,0,0,
0,0,0,0,0,22010,0,0,0,0,0,
0,0,0,0,0,22010,0,0,0,0,0,
0,0,3094,0,0,22005,0,0,3226,0,0,
0,0,0,0,0,0,0,0,0,0,0,
0,0,0,0,0,0,0,0,0,0,0,
0,0,0,0,0,0,0,0,0,0,0,
22008,22011,22011,22011,22011,22011,22011,22011,22011,22011,22009,
0,0,0,0,0,0,0,0,0,0,0,
0,0,0,0,0,3149,0,0,0,0,0,
0,0,0,0,0,0,0,0,0,0,0,
0,0,0,0,0,0,0,0,0,0,0,
22007,22011,22011,22011,22011,22011,22011,22011,22011,22011,22006,
0,0,0,0,0,0,0,0,0,0,0,
0,0,0,0,0,0,0,0,0,0,0,
0,0,0,0,0,0,0,0,0,0,0
</data>
 </layer>
 <layer id="17" name="layer4" width="11" height="21" visible="0">
  <data encoding="csv">
21002,21002,0,0,0,0,0,0,0,21002,21002,
21002,0,0,0,0,0,0,0,0,0,21002,
0,0,0,0,0,0,0,0,0,0,0,
0,0,0,0,0,0,0,0,0,0,0,
0,3096,0,0,0,0,0,0,0,3096,0,
0,0,0,0,21005,21005,21005,0,0,0,0,
0,0,0,0,21005,21005,21005,15095,0,0,0,
0,0,0,0,21005,21005,21005,0,0,0,0,
0,0,0,0,0,0,0,0,0,0,0,
0,0,0,0,0,0,0,0,0,0,0,
0,0,0,0,0,0,0,0,0,0,0,
0,0,0,0,0,0,0,0,0,0,0,
0,0,0,0,0,0,0,0,0,0,0,
0,3092,0,0,21005,21005,21005,0,0,3092,0,
0,0,0,15095,21005,21005,21005,0,0,0,0,
0,0,0,0,21005,21005,21005,0,0,0,0,
0,0,0,0,0,0,0,0,0,0,0,
0,0,0,0,0,0,0,0,0,0,0,
0,0,0,0,0,0,0,0,0,0,0,
21002,0,0,0,0,0,0,0,0,0,21002,
21002,21002,0,0,0,0,0,0,0,21002,21002
</data>
 </layer>
 <layer id="18" name="layer5" width="11" height="21" visible="0">
  <data encoding="csv">
0,0,0,0,0,0,0,0,0,0,21005,
0,0,0,0,0,0,0,0,0,21005,0,
0,0,0,0,0,0,0,0,21005,0,0,
0,0,0,0,0,0,0,0,0,0,0,
0,0,3193,0,0,0,0,0,3193,0,0,
0,0,0,0,0,0,0,0,0,0,0,
0,0,0,0,0,0,0,0,0,0,0,
0,0,15095,0,0,21005,0,0,0,0,0,
0,0,0,0,0,21005,0,0,0,0,0,
0,0,0,0,0,0,0,0,0,0,0,
0,0,21005,21005,0,3216,0,21005,21005,0,0,
0,0,0,0,0,0,0,0,0,0,0,
0,0,0,0,0,21005,0,0,0,0,0,
0,0,0,0,0,21005,0,0,15095,0,0,
0,0,0,0,0,0,0,0,0,0,0,
0,0,3171,0,0,0,0,0,3171,0,0,
0,0,0,0,0,0,0,0,0,0,0,
0,0,0,0,0,0,0,0,0,0,0,
0,0,21005,0,0,0,0,0,0,0,0,
0,21005,0,0,0,0,0,0,0,0,0,
21005,0,0,0,0,0,0,0,0,0,0
</data>
 </layer>
</map>
