<?xml version="1.0" encoding="UTF-8"?>
<map version="1.4" tiledversion="1.4.2" orientation="orthogonal" renderorder="right-down" width="11" height="21" tilewidth="100" tileheight="100" infinite="0" nextlayerid="1" nextobjectid="1">
 <tileset firstgid="1" source="../../map_monster.tsx"/>
 <tileset firstgid="10001" source="../../map_boss.tsx"/>
 <tileset firstgid="20001" source="../../map_good.tsx"/>
 <layer id="1" name="layer1" width="11" height="21">
  <data encoding="csv">
21002,21002,21002,21002,0,0,0,21002,21002,21002,21002,
21002,22003,22003,22004,0,0,0,22003,22003,22004,21002,
0,22010,22010,22010,0,0,0,22010,22010,22010,0,
0,22010,22010,22010,0,0,0,22010,22010,22010,3037,
3092,22010,22010,22010,0,0,0,22010,22010,22010,0,
0,22010,22010,22010,0,0,0,22010,22010,22010,0,
21002,22010,22010,22010,0,0,0,22010,22010,22010,21002,
0,22010,22010,22010,0,0,0,22010,22010,22010,0,
3178,22010,22010,22010,0,0,0,22010,22010,22010,3180,
0,22010,22010,22010,0,0,0,22010,22010,22010,0,
21002,22010,22010,22010,0,0,0,22010,22010,22010,21002,
0,22010,22010,22010,0,0,0,22010,22010,22010,0,
3180,22010,22010,22010,0,0,0,22010,22010,22010,3178,
0,22010,22010,22010,0,0,0,22010,22010,22010,0,
21002,22010,22010,22010,0,0,0,22010,22010,22010,21002,
0,22010,22010,22010,0,0,0,22010,22010,22010,0,
0,22010,22010,22010,0,0,0,22010,22010,22010,3092,
3037,22010,22010,22010,0,0,0,22010,22010,22010,0,
0,22010,22010,22010,0,0,0,22010,22010,22010,0,
21002,22002,22002,22005,0,0,0,22002,22002,22005,21002,
21002,21002,21002,21002,0,0,0,21002,21002,21002,21002
</data>
 </layer>
</map>
