<?xml version="1.0" encoding="UTF-8"?>
<map version="1.4" tiledversion="1.4.1" orientation="orthogonal" renderorder="right-down" width="11" height="21" tilewidth="100" tileheight="100" infinite="0" nextlayerid="20" nextobjectid="1">
 <tileset firstgid="1" source="../../map_monster.tsx"/>
 <tileset firstgid="10001" source="../../map_boss.tsx"/>
 <tileset firstgid="20001" source="../../map_good.tsx"/>
 <layer id="1" name="layer1" width="11" height="21" visible="0">
  <data encoding="csv">
21005,0,0,0,0,0,0,0,0,0,21005,
21005,0,0,0,0,0,0,0,0,0,21005,
0,21005,0,0,0,0,0,0,0,21005,0,
0,21005,0,0,0,0,0,0,0,21005,0,
0,0,0,0,0,0,0,0,0,0,0,
0,3226,0,0,0,0,0,0,0,3226,0,
0,0,0,0,0,0,0,0,0,0,0,
0,0,0,0,0,0,0,0,0,0,0,
15092,0,0,0,0,3198,0,0,0,0,15064,
0,0,0,0,0,0,0,0,0,0,0,
0,0,0,0,0,0,0,0,0,0,0,
0,0,0,0,0,0,0,0,0,0,0,
0,0,0,0,0,0,0,0,0,0,0,
0,0,0,0,0,0,0,0,0,0,0,
0,0,0,0,0,0,0,0,0,0,0,
3138,21005,0,0,0,0,0,0,0,21005,3138,
0,21005,0,0,0,0,0,0,0,21005,0,
21005,21005,0,0,0,0,0,0,0,21005,21005,
21005,0,0,0,0,0,0,0,0,0,21005,
21005,0,0,0,0,0,0,0,0,0,21005,
0,0,0,0,0,0,0,0,0,0,0
</data>
 </layer>
 <layer id="16" name="layer2" width="11" height="21" visible="0">
  <data encoding="csv">
0,0,0,0,0,0,0,0,0,0,0,
0,0,0,0,0,3197,0,0,0,0,0,
0,0,21005,0,0,21005,21005,0,0,21005,0,
0,0,21005,0,0,0,0,0,0,21005,0,
0,0,21005,0,15092,0,0,15064,0,21005,0,
0,0,21005,0,0,0,0,0,0,21005,0,
0,0,0,0,0,0,0,0,0,0,0,
0,0,0,0,0,0,0,0,0,0,3226,
0,0,21005,21005,0,0,0,0,21005,21005,0,
0,0,21005,0,0,0,0,0,0,21005,0,
0,0,0,0,0,0,0,0,0,0,0,
0,0,0,0,0,0,0,0,0,0,0,
0,0,0,0,0,0,0,0,0,0,0,
3226,0,0,0,0,0,0,0,0,0,0,
0,0,0,0,0,0,0,3197,0,0,0,
0,0,0,0,0,0,0,0,0,0,0,
0,0,0,0,0,0,0,0,0,0,0,
0,0,21005,0,0,0,0,0,0,21005,0,
0,0,21005,21005,0,0,0,0,21005,21005,0,
0,0,0,0,0,0,0,0,0,0,0,
0,0,0,0,0,0,0,0,0,0,0
</data>
 </layer>
 <layer id="15" name="layer3" width="11" height="21" visible="0">
  <data encoding="csv">
0,0,0,0,0,0,0,0,0,0,0,
0,0,0,0,0,0,0,0,0,0,0,
0,0,3226,0,0,0,0,0,0,0,0,
0,0,0,0,0,21005,0,0,0,0,0,
0,0,0,0,0,21005,0,0,0,0,0,
0,15092,0,0,0,21005,0,0,0,15064,0,
0,0,0,0,0,21005,0,0,0,0,0,
0,0,0,0,0,21005,0,0,0,0,0,
0,0,0,0,0,0,3226,0,0,0,0,
0,0,0,0,0,0,0,0,0,0,0,
0,0,0,0,0,0,0,0,0,3193,0,
0,0,0,0,0,0,0,0,0,0,0,
21005,21005,0,0,0,0,0,0,0,21005,21005,
0,0,0,0,0,0,0,0,0,0,0,
3193,0,0,0,0,0,0,0,0,0,0,
0,0,0,0,0,0,0,0,0,0,0,
0,0,0,0,0,0,0,0,0,0,0,
21005,21005,0,0,0,0,0,0,0,21005,21005,
0,0,0,0,0,0,0,0,0,0,0,
0,0,0,0,0,0,0,0,0,0,0,
0,0,0,0,0,0,0,0,0,0,0
</data>
 </layer>
 <layer id="17" name="layer4" width="11" height="21" visible="0">
  <data encoding="csv">
0,0,0,0,0,0,0,0,0,21005,21005,
0,0,0,0,0,0,0,0,0,15092,21005,
0,0,3193,0,0,0,0,0,0,0,0,
0,0,0,0,0,0,0,0,0,0,0,
0,0,0,0,0,0,0,0,0,0,0,
0,0,0,0,0,0,0,0,0,3226,0,
0,0,0,0,0,0,0,21005,0,0,0,
0,0,0,0,0,0,0,21005,0,0,0,
21005,21005,0,0,0,0,0,21005,0,0,0,
21005,15064,0,0,0,0,0,21005,0,0,0,
21005,21005,0,0,0,0,0,21005,0,0,0,
0,0,0,0,0,0,0,21005,0,0,0,
0,0,0,3226,0,0,0,21005,0,0,0,
0,0,0,0,0,0,0,21005,0,0,0,
0,0,0,0,0,0,0,0,0,0,0,
0,0,0,0,0,0,0,0,0,3193,0,
0,0,0,0,0,0,0,0,0,0,0,
0,0,0,0,0,0,0,0,0,0,0,
0,0,0,0,0,0,0,0,0,0,0,
0,0,0,0,0,0,0,0,0,0,21005,
0,0,0,0,0,0,0,0,0,21005,21005
</data>
 </layer>
 <layer id="18" name="layer5" width="11" height="21">
  <data encoding="csv">
0,0,0,0,0,0,0,0,0,0,0,
0,0,0,0,0,0,0,0,0,0,0,
3210,0,0,0,0,0,0,0,0,0,0,
0,0,21005,21005,0,0,0,0,0,0,0,
0,0,0,0,0,0,0,0,0,0,0,
0,0,0,0,0,0,0,0,3204,0,0,
0,0,0,0,0,0,0,0,0,0,0,
0,0,15092,0,0,21005,0,0,0,0,0,
0,0,0,0,0,21005,0,0,0,0,0,
0,0,0,0,0,0,0,0,0,0,0,
0,0,21005,21005,0,0,0,21005,21005,0,0,
0,0,0,0,0,0,0,0,0,0,0,
0,0,0,0,0,21005,0,0,0,0,0,
0,0,0,0,0,21005,0,0,15064,0,0,
0,0,0,0,0,0,0,0,0,0,3210,
0,3204,0,0,0,0,0,0,0,0,0,
0,0,0,0,0,0,0,0,0,0,0,
0,0,0,0,0,0,0,21005,21005,0,0,
0,0,0,0,0,0,0,0,0,0,0,
0,0,0,0,0,0,0,0,0,0,0,
0,0,0,0,0,0,0,0,0,0,0
</data>
 </layer>
</map>
