<?xml version="1.0" encoding="UTF-8"?>
<map version="1.4" tiledversion="1.4.2" orientation="orthogonal" renderorder="right-down" width="11" height="15" tilewidth="100" tileheight="100" infinite="0" nextlayerid="16" nextobjectid="1">
 <tileset firstgid="1" source="../../map_monster.tsx"/>
 <tileset firstgid="10001" source="../../map_boss.tsx"/>
 <tileset firstgid="20001" source="../../map_good.tsx"/>
 <layer id="5" name="layer1" width="11" height="15">
  <data encoding="csv">
3027,21007,0,0,0,0,0,0,0,21007,3027,
21007,21007,0,0,0,0,0,0,0,21007,21007,
0,0,0,0,0,0,0,0,0,0,0,
21007,0,0,0,0,0,0,0,0,0,21007,
21007,0,0,0,0,15071,0,0,0,0,21007,
21007,0,0,0,0,0,0,0,0,0,21007,
21007,0,0,0,0,0,0,0,0,0,21007,
21007,0,0,0,0,0,0,0,0,0,21007,
21007,0,0,0,0,0,0,0,0,0,21007,
0,0,0,0,0,0,0,0,0,0,0,
0,0,0,0,0,0,0,0,0,0,0,
0,0,0,0,0,0,0,0,0,0,0,
0,0,0,0,0,0,0,0,0,0,0,
0,0,0,0,0,0,0,0,0,0,0,
0,0,0,0,0,0,0,0,0,0,0
</data>
 </layer>
 <layer id="10" name="layer2" width="11" height="15" visible="0">
  <data encoding="csv">
0,21007,0,0,0,0,0,0,0,0,0,
3098,21007,0,0,0,0,0,0,0,0,0,
0,21007,0,0,0,0,0,0,0,0,0,
0,21007,0,0,0,0,0,0,0,0,0,
0,21007,0,0,0,0,0,0,0,0,0,
3098,21007,0,0,0,0,15092,0,0,0,0,
0,21007,0,0,0,0,0,0,0,0,0,
0,21007,0,0,0,0,0,0,0,0,0,
0,21007,0,0,0,0,0,0,0,0,0,
3098,21007,0,0,0,0,0,0,0,0,0,
0,21007,0,0,0,0,0,0,0,0,0,
0,21007,0,0,0,0,0,0,0,0,0,
0,21007,0,0,0,0,0,0,0,0,0,
0,21007,0,0,0,0,0,0,0,0,0,
0,21007,0,0,0,0,0,0,0,0,0
</data>
 </layer>
 <layer id="11" name="layer3" width="11" height="15" visible="0">
  <data encoding="csv">
0,0,0,3004,0,0,0,3004,0,0,0,
0,0,0,22003,0,0,0,22004,0,0,0,
0,0,0,22010,0,0,0,22010,0,0,0,
0,22008,22011,22016,22011,22011,22011,22016,22011,22009,0,
0,0,0,22010,0,0,0,22010,0,0,0,
0,0,0,22010,0,15043,0,22010,0,0,0,
0,0,0,22010,0,0,0,22010,0,0,0,
0,22007,22011,22016,22011,22011,22011,22016,22011,22006,0,
0,0,0,22010,0,0,0,22010,0,0,0,
0,0,0,22002,0,3019,0,22005,0,0,0,
0,0,0,0,0,0,0,0,0,0,0,
0,0,0,0,0,0,0,0,0,0,0,
0,0,0,0,0,0,0,0,0,0,0,
0,0,0,0,0,0,0,0,0,0,0,
0,0,0,0,0,0,0,0,0,0,0
</data>
 </layer>
 <layer id="12" name="layer4" width="11" height="15" visible="0">
  <data encoding="csv">
0,0,0,0,0,0,0,0,0,0,0,
0,0,0,0,0,21007,0,0,0,0,0,
0,0,0,0,0,0,0,0,0,0,0,
0,3039,0,21007,0,0,0,21007,0,3039,0,
0,0,0,0,0,0,0,0,0,0,0,
0,21007,0,0,0,15042,0,0,0,21007,0,
0,0,0,0,0,0,0,0,0,0,0,
0,3039,0,21007,0,0,0,21007,0,3039,0,
0,0,0,0,0,0,0,0,0,0,0,
0,0,0,0,0,21007,0,0,0,0,0,
0,0,0,0,0,0,0,0,0,0,0,
0,0,0,0,0,0,0,0,0,0,0,
0,0,0,0,0,0,0,0,0,0,0,
0,0,0,0,0,0,0,0,0,0,0,
0,0,0,0,0,0,0,0,0,0,0
</data>
 </layer>
 <layer id="13" name="layer5" width="11" height="15" visible="0">
  <data encoding="csv">
0,0,0,0,0,0,0,0,0,0,0,
0,0,0,0,0,0,0,0,0,0,0,
0,0,0,0,0,0,0,0,0,0,0,
0,0,0,0,0,21007,3027,0,0,0,0,
0,0,0,3025,21007,0,21007,0,0,0,0,
0,0,0,21007,0,15042,0,21007,0,0,0,
0,0,0,0,21007,0,21007,3025,0,0,0,
0,0,0,0,0,21007,0,0,0,0,0,
0,0,0,0,0,0,0,0,0,0,0,
0,0,0,0,0,0,0,0,0,0,0,
0,0,0,0,0,0,0,0,0,0,0,
0,0,0,0,0,0,0,0,0,0,0,
0,0,0,0,0,0,0,0,0,0,0,
0,0,0,0,0,0,0,0,0,0,0,
0,0,0,0,0,0,0,0,0,0,0
</data>
 </layer>
</map>
