<?xml version="1.0" encoding="UTF-8"?>
<map version="1.2" tiledversion="1.2.0" orientation="orthogonal" renderorder="right-down" width="11" height="15" tilewidth="100" tileheight="100" infinite="0" nextlayerid="6" nextobjectid="1">
 <tileset firstgid="1" source="../../map_monster.tsx"/>
 <tileset firstgid="10001" source="../../map_boss.tsx"/>
 <tileset firstgid="20001" source="../../map_good.tsx"/>
 <layer id="1" name="0" width="11" height="15">
  <data encoding="csv">
0,0,0,0,0,0,0,0,0,0,0,
0,0,21007,3141,0,21005,0,0,21007,0,0,
0,0,0,0,0,0,0,0,3141,0,0,
0,0,21005,3091,0,0,0,0,21005,0,0,
0,0,0,0,0,0,0,0,0,3091,0,
0,0,0,0,0,21005,3093,0,0,0,0,
0,0,0,0,0,0,3220,0,0,0,0,
0,0,0,0,0,0,0,0,0,0,0,
0,0,21007,0,0,0,3220,0,21007,0,0,
0,0,0,0,0,0,0,0,3093,0,0,
0,0,0,0,0,0,0,0,0,0,0,
0,0,0,0,0,0,0,0,0,0,0,
0,0,0,0,0,0,0,0,0,0,0,
0,0,0,0,0,0,0,0,0,0,0,
0,0,0,0,0,0,0,0,0,0,0
</data>
 </layer>
 <layer id="2" name="1" width="11" height="15" visible="0">
  <data encoding="csv">
0,0,21005,0,0,0,0,0,0,0,0,
0,0,0,0,21005,3035,0,0,0,0,0,
0,0,0,0,0,0,3096,0,0,0,0,
0,0,0,0,0,0,0,0,0,0,0,
0,0,0,0,0,0,3096,0,0,0,0,
0,0,0,0,0,21005,0,3039,0,0,0,
0,0,3039,0,0,0,0,0,0,0,0,
0,0,0,3027,0,0,0,0,0,0,0,
0,0,0,0,0,0,0,0,0,3035,0,
0,0,0,0,0,0,0,0,0,0,0,
0,0,0,0,0,0,0,21007,3027,0,0,
0,0,0,0,0,0,0,0,0,0,0,
0,0,0,0,0,0,0,0,0,0,0,
0,0,0,0,0,0,0,0,0,0,0,
0,0,0,0,0,0,0,0,0,0,0
</data>
 </layer>
 <layer id="3" name="2" width="11" height="15" visible="0">
  <data encoding="csv">
0,0,0,0,0,0,0,0,0,0,0,
0,3096,0,0,0,0,0,0,0,3066,0,
0,0,0,0,0,3119,0,0,0,0,0,
0,0,0,0,0,0,0,0,0,0,0,
0,0,0,0,0,0,0,0,21005,0,0,
0,0,0,0,0,0,0,21005,0,0,0,
0,0,0,0,0,0,0,0,0,0,21005,
0,0,0,3025,0,0,0,0,0,0,0,
0,0,0,0,0,0,0,0,0,0,0,
0,0,0,3025,0,21005,0,3096,0,0,0,
0,0,3119,0,0,0,0,0,3066,0,0,
0,0,0,0,0,0,0,0,0,0,0,
0,0,0,0,0,0,0,0,0,0,0,
0,0,0,0,0,0,0,0,0,0,0,
0,0,0,0,0,0,0,0,0,0,0
</data>
 </layer>
 <layer id="4" name="3" width="11" height="15" visible="0">
  <data encoding="csv">
0,0,0,0,0,0,0,0,0,0,0,
0,0,0,0,0,0,0,0,0,0,0,
21005,0,0,21007,3066,0,3218,0,0,0,0,
0,0,21007,3221,0,0,21007,3218,0,0,0,
0,0,0,0,0,0,0,0,0,0,0,
0,3025,0,0,0,0,0,0,0,3025,0,
0,21007,0,3221,0,0,0,3066,0,0,0,
0,0,0,0,0,0,0,0,0,0,0,
0,0,0,0,0,0,0,0,0,0,0,
0,0,0,0,0,0,0,0,0,0,0,
0,0,0,0,0,0,0,0,0,0,0,
0,0,0,0,0,0,0,0,0,0,0,
0,0,0,0,0,0,0,0,0,0,0,
0,0,0,0,0,0,0,0,0,0,0,
0,0,0,0,0,0,0,0,0,0,0
</data>
 </layer>
 <layer id="5" name="4" width="11" height="15" visible="0">
  <data encoding="csv">
0,0,0,0,0,0,0,0,0,0,21005,
0,0,0,0,0,0,0,0,0,3221,0,
0,0,0,0,0,0,0,3021,0,0,0,
0,3021,0,0,21007,0,0,0,0,0,0,
0,0,0,0,0,0,0,0,3016,0,0,
0,0,3040,0,0,0,0,0,0,21007,0,
0,0,21007,0,0,0,0,0,0,0,0,
0,0,0,0,0,0,0,0,0,0,0,
0,0,0,0,0,0,0,0,0,3016,0,
0,0,21005,0,0,0,0,3040,0,0,0,
0,0,0,0,3221,0,0,0,0,0,0,
0,0,0,0,0,0,0,0,0,0,0,
0,0,0,0,0,0,0,0,0,0,0,
0,0,0,0,0,0,0,0,0,0,0,
0,0,0,0,0,0,0,0,0,0,0
</data>
 </layer>
</map>