<?xml version="1.0" encoding="UTF-8"?>
<map version="1.2" tiledversion="1.2.0" orientation="orthogonal" renderorder="right-down" width="11" height="15" tilewidth="100" tileheight="100" infinite="0" nextlayerid="6" nextobjectid="1">
 <tileset firstgid="1" source="../../map_monster.tsx"/>
 <tileset firstgid="10001" source="../../map_boss.tsx"/>
 <tileset firstgid="20001" source="../../map_good.tsx"/>
 <layer id="1" name="0" width="11" height="15">
  <data encoding="csv">
21009,0,0,0,0,0,0,0,0,0,0,
0,0,0,0,0,0,0,0,0,0,0,
0,0,0,0,0,0,0,0,3217,0,0,
0,0,0,0,0,0,0,0,0,0,0,
0,0,0,0,3045,0,0,0,0,0,0,
0,0,0,0,0,0,0,3217,0,0,0,
0,0,0,3045,0,0,0,0,0,0,0,
0,0,0,0,0,3056,0,0,0,0,0,
0,0,0,0,0,3221,0,0,0,0,0,
0,0,0,3056,0,0,0,0,0,0,0,
0,0,0,0,0,0,0,3221,21009,0,0,
0,0,0,0,0,0,0,0,0,0,0,
0,0,0,0,0,0,0,0,0,0,0,
0,0,0,0,0,0,0,0,0,0,0,
0,0,0,0,0,0,0,0,0,0,0
</data>
 </layer>
 <layer id="2" name="1" width="11" height="15" visible="0">
  <data encoding="csv">
0,0,0,0,0,0,0,0,0,0,0,
0,0,0,0,0,0,0,0,0,3057,21002,
0,21002,0,21007,0,0,0,3026,0,0,0,
0,0,0,21009,0,0,3032,0,0,0,0,
0,3014,0,0,0,0,0,0,0,0,0,
0,3032,0,0,0,0,0,21005,0,0,0,
0,0,0,0,0,0,0,0,0,0,0,
0,0,0,0,0,3026,0,0,0,0,0,
0,0,0,0,0,0,3057,0,0,0,0,
0,0,0,0,3014,0,0,0,0,21007,0,
0,0,0,0,0,0,0,0,0,0,0,
0,0,0,0,0,0,0,0,0,0,0,
0,0,0,0,0,0,0,0,0,0,0,
0,0,0,0,0,0,0,0,0,0,0,
0,0,0,0,0,0,0,0,0,0,0
</data>
 </layer>
 <layer id="3" name="2" width="11" height="15" visible="0">
  <data encoding="csv">
0,0,0,0,0,0,0,0,0,0,0,
0,0,0,0,0,0,0,0,0,0,0,
0,3225,0,0,0,0,0,0,21007,3066,0,
0,0,0,0,0,21009,0,0,0,0,0,
0,0,0,0,0,0,0,0,21007,0,0,
0,0,0,0,3225,0,3083,21007,0,0,0,
0,0,3085,0,0,0,0,0,3085,0,0,
0,0,0,0,3083,0,3066,0,0,0,0,
0,0,0,0,0,0,0,21007,0,0,0,
0,0,0,0,0,0,0,0,0,0,0,
0,0,0,0,0,0,0,0,0,0,0,
0,0,0,0,0,0,0,0,0,0,0,
0,0,0,0,0,0,0,0,0,0,0,
0,0,0,0,0,0,0,0,0,0,0,
0,0,0,0,0,0,0,0,0,0,0
</data>
 </layer>
 <layer id="4" name="3" width="11" height="15" visible="0">
  <data encoding="csv">
0,0,0,0,0,0,0,0,0,0,0,
0,0,0,0,0,0,0,0,0,0,0,
0,0,0,0,0,21009,0,0,0,0,0,
0,3127,0,0,0,0,21007,0,0,3033,0,
0,0,0,0,3218,0,3077,0,21002,0,0,
0,0,0,0,0,0,0,0,0,0,0,
0,0,0,0,0,0,0,0,0,0,0,
0,0,0,3127,0,0,0,0,0,0,0,
0,0,3077,0,0,21005,0,0,3218,0,0,
0,0,0,21007,0,0,0,0,0,0,0,
0,0,0,0,0,3033,0,0,0,0,0,
0,0,0,0,0,0,0,0,0,0,0,
0,0,0,0,0,0,0,0,0,0,0,
0,0,0,0,0,0,0,0,0,0,0,
0,0,0,0,0,0,0,0,0,0,0
</data>
 </layer>
 <layer id="5" name="4" width="11" height="15" visible="0">
  <data encoding="csv">
0,0,0,0,0,0,0,0,0,0,0,
0,0,0,0,0,0,0,0,0,0,21002,
0,3128,0,0,0,0,0,0,0,0,21007,
0,0,0,0,3026,0,0,0,0,0,0,
0,0,0,0,0,0,0,0,0,3048,0,
0,21002,0,0,0,0,0,3048,0,0,0,
0,0,3055,0,0,0,0,21009,0,0,0,
0,0,3128,0,0,0,0,0,0,0,0,
0,0,0,0,0,0,0,0,0,3026,0,
0,0,0,0,0,0,0,0,21002,0,0,
0,0,3055,0,0,0,0,0,21002,0,0,
0,0,0,0,0,0,0,0,0,0,0,
0,0,0,0,0,0,0,0,0,0,0,
0,0,0,0,0,0,0,0,0,0,0,
0,0,0,0,0,0,0,0,0,0,0
</data>
 </layer>
</map>