<?xml version="1.0" encoding="UTF-8"?>
<map version="1.9" tiledversion="1.9.1" orientation="orthogonal" renderorder="right-down" width="11" height="21" tilewidth="100" tileheight="100" infinite="0" nextlayerid="18" nextobjectid="1">
 <tileset firstgid="1" source="../../map_monster.tsx"/>
 <tileset firstgid="10001" source="../../map_boss.tsx"/>
 <tileset firstgid="20001" source="../../map_good.tsx"/>
 <layer id="1" name="layer1" width="11" height="21" visible="0">
  <data encoding="csv">
0,0,0,0,0,0,0,0,0,0,0,
0,0,0,0,0,0,0,0,0,0,0,
0,0,0,0,0,0,0,0,0,0,0,
0,0,0,0,0,3205,0,0,0,0,0,
21005,0,0,0,0,0,0,0,0,0,21005,
21007,0,0,0,0,0,0,0,0,0,21007,
21007,0,0,0,0,0,0,0,0,0,21007,
21005,3226,0,0,0,0,0,0,0,3226,21005,
0,0,0,0,0,0,0,0,0,0,0,
0,0,0,0,0,0,0,0,0,0,0,
15072,0,0,0,0,0,0,0,0,0,15059,
0,0,0,0,0,3198,0,0,0,0,0,
0,0,0,0,0,0,0,0,0,0,0,
21005,0,0,0,0,0,0,0,0,0,21005,
21007,0,0,0,0,0,0,0,0,0,21007,
21007,0,0,0,0,3205,0,0,0,0,21007,
21005,0,0,0,0,0,0,0,0,0,21005,
0,0,0,0,0,0,0,0,0,0,0,
0,0,0,0,0,0,0,0,0,0,0,
0,0,0,0,0,0,0,0,0,0,0,
0,0,0,0,0,0,0,0,0,0,0
</data>
 </layer>
 <layer id="1" name="layer2" width="11" height="21" visible="0">
  <data encoding="csv">
0,0,0,0,0,0,0,0,0,0,0,
0,0,0,0,0,0,0,0,0,0,0,
0,0,21005,0,0,0,0,0,0,0,0,
0,0,0,0,0,0,0,0,0,3218,0,
0,0,0,15059,0,0,21005,0,0,0,0,
0,0,0,0,0,0,0,0,0,0,0,
0,0,0,0,0,0,0,0,0,0,0,
0,21005,0,0,0,0,0,0,21005,0,0,
0,0,0,0,0,0,0,0,0,0,0,
0,0,0,0,21005,0,0,0,0,0,0,
0,3218,0,0,0,3209,0,0,0,0,0,
0,0,0,0,0,0,0,15072,0,0,0,
0,0,0,0,0,0,0,0,0,0,0,
0,0,0,0,0,0,0,0,0,0,0,
0,0,0,0,0,0,0,0,0,0,0,
0,0,21005,0,0,0,21005,0,0,0,0,
0,0,0,0,0,0,0,0,0,0,0,
0,0,0,0,0,0,0,0,0,0,0,
0,0,0,0,0,0,0,0,21005,0,0,
0,0,0,0,0,0,0,0,0,0,0,
3182,0,0,0,0,0,0,0,0,0,3182
</data>
 </layer>
 <layer id="2" name="layer3" width="11" height="21">
  <data encoding="csv">
0,0,0,0,0,0,0,0,0,0,0,
0,0,0,0,0,0,0,0,0,0,0,
0,0,0,0,0,3223,0,0,0,0,3226,
0,0,0,0,0,0,0,0,0,0,0,
0,0,21005,0,0,21005,0,0,21005,0,0,
0,0,0,0,0,0,0,0,0,0,0,
0,0,0,0,0,0,0,0,0,0,0,
0,0,15072,0,0,0,0,0,15059,0,0,
0,0,0,0,0,3197,0,0,0,0,0,
0,0,0,0,0,0,0,0,0,0,0,
0,0,0,0,0,0,0,0,0,0,0,
3226,0,0,0,0,0,0,0,0,0,0,
0,0,0,0,0,0,0,0,0,0,0,
0,0,21005,0,0,21005,0,0,21005,0,0,
0,0,0,0,0,0,0,0,0,0,0,
0,0,0,0,0,0,0,0,3197,0,0,
0,0,0,0,0,0,0,0,0,0,0,
0,0,0,0,0,0,0,0,0,0,0,
0,0,21005,0,0,0,0,0,21005,0,0,
0,0,21005,0,0,0,0,0,21005,0,0,
0,0,21005,0,0,0,0,0,21005,0,0
</data>
 </layer>
 <layer id="15" name="layer4" width="11" height="21" visible="0">
  <data encoding="csv">
0,0,0,0,0,0,0,0,0,0,0,
0,0,0,0,0,0,0,0,0,0,0,
0,0,0,0,0,0,0,0,0,0,0,
0,0,0,0,0,0,0,0,0,3094,0,
0,0,0,0,15072,0,0,0,0,0,0,
0,3094,0,0,0,0,0,0,0,0,0,
0,0,0,0,0,0,0,21005,21005,21005,21005,
0,0,0,0,0,0,0,21005,0,0,0,
0,0,0,0,0,0,0,21005,0,0,0,
0,0,0,0,0,0,15059,21005,0,0,0,
0,0,0,0,0,0,0,21005,21005,21005,21005,
0,0,0,0,0,0,0,0,0,0,0,
21005,21005,21005,21005,0,0,0,0,0,0,0,
0,0,0,21005,0,0,0,0,0,0,0,
0,0,0,21005,0,0,0,0,0,0,0,
0,0,3205,21005,0,0,0,0,0,0,0,
21005,21005,21005,21005,0,0,0,0,0,0,0,
0,0,0,0,0,0,0,0,0,0,0,
0,0,0,0,0,0,0,0,0,0,0,
0,0,0,0,0,0,0,0,0,3135,0,
3135,0,0,0,0,0,0,0,0,0,0
</data>
 </layer>
</map>
