<?xml version="1.0" encoding="UTF-8"?>
<map version="1.9" tiledversion="1.9.1" orientation="orthogonal" renderorder="right-down" width="11" height="21" tilewidth="100" tileheight="100" infinite="0" nextlayerid="1" nextobjectid="1">
 <tileset firstgid="1" source="../../map_monster.tsx"/>
 <tileset firstgid="10001" source="../../map_boss.tsx"/>
 <tileset firstgid="20001" source="../../map_good.tsx"/>
 <layer id="1" name="layer1" width="11" height="21">
  <data encoding="csv">
3100,21007,0,0,0,0,0,0,0,0,22004,
0,0,21007,0,0,0,0,0,0,0,22010,
0,0,0,21007,0,3141,0,0,0,0,22010,
0,0,21007,0,0,0,0,0,0,0,22010,
0,21007,21007,0,0,0,0,0,0,0,22010,
3127,21007,21014,0,0,0,0,0,0,0,22010,
21007,21007,0,0,0,0,0,0,0,0,22010,
21007,0,0,0,0,0,0,0,0,0,22010,
0,0,0,0,0,0,0,0,0,0,22005,
21013,0,0,0,0,0,0,0,0,0,0,
3149,0,0,0,0,0,0,0,0,0,3149,
0,0,0,0,0,0,0,0,0,0,21015,
22003,0,0,0,0,0,0,0,0,0,0,
22010,0,0,0,0,0,0,0,0,0,21007,
22010,0,0,0,0,0,0,0,0,21007,21007,
22010,0,0,0,0,0,0,0,21012,21007,3127,
22010,0,0,0,0,0,0,0,21007,21007,0,
22010,0,0,0,0,0,0,0,21007,0,0,
22010,0,0,0,0,0,0,21007,0,0,0,
22010,0,0,0,0,0,0,0,21007,0,0,
22002,0,0,0,0,0,0,0,0,21007,3100
</data>
 </layer>
</map>
