<?xml version="1.0" encoding="UTF-8"?>
<map version="1.4" tiledversion="1.4.1" orientation="orthogonal" renderorder="right-down" width="21" height="30" tilewidth="100" tileheight="100" infinite="0" nextlayerid="2" nextobjectid="1">
 <tileset firstgid="1" source="../../map_boss.tsx"/>
 <tileset firstgid="10001" source="../../map_good.tsx"/>
 <layer id="1" name="layer1" width="21" height="30">
  <data encoding="csv">
0,0,0,0,0,0,0,11002,0,0,0,0,0,11002,0,0,0,0,0,0,0,
0,0,0,0,0,0,0,11002,0,0,0,0,0,11002,0,0,0,0,0,0,0,
0,0,0,11007,0,0,0,11002,0,0,11202,0,0,11002,0,0,0,11007,0,0,0,
0,0,0,11007,0,0,0,11002,0,0,0,0,0,11002,0,0,0,11007,0,0,0,
0,0,0,11007,0,0,0,11002,0,0,11007,0,0,11002,0,0,0,11007,0,0,0,
0,0,0,11007,0,0,0,0,0,0,11007,0,0,0,0,0,0,11007,0,0,0,
0,0,0,11007,0,0,0,0,0,0,11007,0,0,0,0,0,0,11007,0,0,0,
0,0,0,11007,0,0,0,11204,0,0,11007,0,0,11203,0,0,0,11007,0,0,0,
0,0,0,11007,0,0,0,0,0,0,11007,0,0,0,0,0,0,11007,0,0,0,
0,0,0,11007,11002,11002,11002,11002,11002,11002,11002,11002,11002,11002,11002,11002,11002,11007,0,0,0,
0,0,0,0,0,0,0,0,0,0,0,0,0,0,0,0,0,0,0,0,0,
0,0,0,0,0,0,0,0,0,0,0,0,0,0,0,0,0,0,0,0,0,
11007,11007,11007,11007,11007,11007,11007,11007,0,0,0,0,0,11007,11007,11007,11007,11007,11007,11007,11007,
0,0,0,0,0,0,0,11007,0,0,0,0,0,11007,0,0,0,0,0,0,0,
0,0,0,0,0,0,0,11007,0,0,0,0,0,11007,0,0,0,0,0,0,0,
0,0,0,0,0,0,0,11007,0,0,0,0,0,11007,0,0,0,0,0,0,0,
0,0,0,0,0,0,0,11007,0,0,0,0,0,11007,0,0,0,0,0,0,0,
0,0,0,0,0,0,0,11007,0,0,0,0,0,11007,0,0,0,0,0,0,0,
0,0,0,0,0,0,0,11007,0,0,0,0,0,11007,0,0,0,0,0,0,0,
0,0,0,0,0,0,0,11007,0,0,0,0,0,11007,0,0,0,0,0,0,0,
0,0,0,0,0,0,0,11007,0,0,0,0,0,11007,0,0,0,0,0,0,0,
0,0,0,0,0,0,0,11007,0,0,0,0,0,11007,0,0,0,0,0,0,0,
0,0,0,0,0,0,0,11007,0,0,0,0,0,11007,0,0,0,0,0,0,0,
0,0,0,0,0,0,0,0,0,0,11201,0,0,0,0,0,0,0,0,0,0,
0,0,0,0,0,0,0,0,0,0,0,0,0,0,0,0,0,0,0,0,0,
0,0,0,0,0,0,0,0,0,0,0,0,0,0,0,0,0,0,0,0,0,
0,0,0,0,0,0,0,0,0,0,12018,0,0,0,0,0,0,0,0,0,0,
0,0,0,0,0,0,0,0,0,0,0,0,0,0,0,0,0,0,0,0,0,
0,0,0,0,0,0,0,0,0,0,0,0,0,0,0,0,0,0,0,0,0,
0,0,0,0,0,0,0,0,0,0,0,0,0,0,0,0,0,0,0,0,0
</data>
 </layer>
</map>
