<?xml version="1.0" encoding="UTF-8"?>
<map version="1.9" tiledversion="1.9.1" orientation="orthogonal" renderorder="right-down" width="21" height="30" tilewidth="100" tileheight="100" infinite="0" nextlayerid="2" nextobjectid="1">
 <tileset firstgid="1" source="../map_monster.tsx"/>
 <tileset firstgid="10001" source="../map_boss.tsx"/>
 <tileset firstgid="20001" source="../map_good.tsx"/>
 <layer id="1" name="layer1" width="21" height="30">
  <data encoding="csv">
21002,21002,21002,21002,21002,21002,21002,0,0,0,0,0,0,0,21002,21002,21002,21002,21002,21002,21002,
21002,0,0,0,21007,0,0,0,0,0,0,0,0,0,0,0,21007,0,0,0,21002,
21002,0,21202,0,21007,0,0,0,0,0,0,0,0,0,0,0,21007,0,21203,0,21002,
21002,0,0,0,21007,0,0,0,0,0,21204,0,0,0,0,0,21007,0,0,0,21002,
21002,0,0,0,21007,0,0,21007,0,0,0,0,0,21007,0,0,21007,0,0,0,21002,
21002,0,0,0,21007,0,0,21007,0,0,0,0,0,21007,0,0,21007,0,0,0,21002,
21002,0,0,0,21002,0,0,21007,21007,21007,21007,21007,21007,21007,0,0,21002,0,0,0,21002,
21002,0,0,0,0,0,0,0,0,0,0,0,0,0,0,0,0,0,0,0,21002,
21002,0,0,0,0,0,0,0,0,0,0,0,0,0,0,0,0,0,0,0,21002,
21002,21007,21007,21007,21002,21007,21007,21007,21002,0,0,0,21002,21007,21007,21007,21002,21007,21007,21007,21002,
21002,0,0,0,0,0,0,0,0,0,0,0,0,0,0,0,0,0,0,0,21002,
21002,0,0,0,0,0,0,0,0,0,0,0,0,0,0,0,0,0,0,0,21002,
21002,0,0,0,0,0,0,0,0,0,0,0,0,0,0,0,0,0,0,0,21002,
21002,0,0,0,21002,21007,21007,21007,21002,21007,21007,21007,21002,21007,21007,21007,21002,0,0,0,21002,
21002,0,0,0,0,0,0,0,0,0,0,0,0,0,0,0,0,0,0,0,21002,
21002,0,0,0,0,0,0,0,0,0,0,0,0,0,0,0,0,0,0,0,21002,
21002,0,0,0,0,0,0,0,0,0,0,0,0,0,0,0,0,0,0,0,21002,
21002,21007,21007,21007,21002,21007,21007,21007,21002,0,0,0,21002,21007,21007,21007,21002,21007,21007,21007,21002,
21002,0,0,0,0,0,0,0,0,0,0,0,0,0,0,0,0,0,0,0,21002,
21002,0,0,0,0,0,0,0,0,0,0,0,0,0,0,0,0,0,0,0,21002,
21002,0,0,21002,21002,21002,21007,21007,21007,21002,21002,21002,21007,21007,21007,21002,21002,21002,0,0,21002,
21002,0,0,21002,0,0,0,0,0,0,0,0,0,0,0,0,0,21002,0,0,21002,
21002,0,0,21002,0,0,0,0,0,0,0,0,0,0,0,0,0,21002,0,0,21002,
21002,0,0,21002,0,0,21002,21002,0,0,21201,0,0,21002,21002,0,0,21002,0,0,21002,
21002,0,0,21002,0,0,21002,0,0,0,0,0,0,0,21002,0,0,21002,0,0,21002,
21002,0,0,21002,0,0,21002,0,0,0,0,0,0,0,21002,0,0,21002,0,0,21002,
21002,0,0,0,0,0,21002,0,0,0,22018,0,0,0,21002,0,0,0,0,0,21002,
21002,0,0,0,0,0,21002,0,0,0,0,0,0,0,21002,0,0,0,0,0,21002,
21002,0,0,0,0,0,21002,0,0,0,0,0,0,0,21002,0,0,0,0,0,21002,
21002,21002,21002,21002,21002,21002,21002,0,0,0,0,0,0,0,21002,21002,21002,21002,21002,21002,21002
</data>
 </layer>
</map>
