<?xml version="1.0" encoding="UTF-8"?>
<map version="1.9" tiledversion="1.9.1" orientation="orthogonal" renderorder="right-down" width="21" height="30" tilewidth="100" tileheight="100" infinite="0" nextlayerid="22" nextobjectid="1">
 <tileset firstgid="1" source="../../map_monster.tsx"/>
 <tileset firstgid="10001" source="../../map_boss.tsx"/>
 <tileset firstgid="20001" source="../../map_good.tsx"/>
 <layer id="1" name="Floor" width="21" height="30">
  <data encoding="csv">
0,0,0,0,0,0,0,0,0,0,0,0,0,0,0,0,0,0,0,0,0,
0,0,0,0,0,0,0,0,0,0,0,0,0,0,0,0,0,0,0,0,0,
0,0,0,0,0,0,0,0,0,0,0,0,0,0,0,0,0,0,0,0,0,
0,0,0,0,0,0,0,0,0,0,0,0,0,0,0,0,0,0,0,0,0,
0,0,0,0,0,0,0,0,0,0,0,0,0,0,0,0,0,0,0,0,0,
0,0,0,0,0,0,0,0,0,0,0,0,0,0,0,0,0,0,0,0,0,
0,0,0,0,0,0,0,0,0,0,0,0,0,0,0,0,0,0,0,0,0,
0,0,0,0,0,0,0,0,0,0,0,0,0,0,0,0,0,0,0,0,0,
0,0,0,0,0,0,0,0,0,0,0,0,0,0,0,0,0,0,0,0,0,
0,0,0,0,0,0,0,0,0,0,0,0,0,0,0,0,0,0,0,0,0,
0,0,0,0,0,0,0,0,0,0,0,0,0,0,0,0,0,0,0,0,0,
0,0,0,0,0,0,21007,0,0,21002,21002,21002,0,0,21007,0,0,0,0,0,0,
0,0,0,0,0,0,0,0,0,0,0,0,0,0,0,0,0,0,0,0,0,
0,0,0,0,0,0,0,0,0,0,0,0,0,0,0,0,0,0,0,0,0,
0,0,0,0,0,0,21002,0,0,0,0,0,0,0,21002,0,0,0,0,0,0,
0,0,0,0,0,0,21002,0,0,0,0,0,0,0,21002,0,0,0,0,0,0,
0,0,0,0,0,0,21002,0,0,0,0,0,0,0,21002,0,0,0,0,0,0,
0,0,0,0,0,0,0,0,0,0,0,0,0,0,0,0,0,0,0,0,0,
0,0,0,0,0,0,0,0,0,0,0,0,0,0,0,0,0,0,0,0,0,
0,0,0,0,0,0,21007,0,0,21002,21002,21002,0,0,21007,0,0,0,0,0,0,
0,0,0,0,0,0,0,0,0,0,0,0,0,0,0,0,0,0,0,0,0,
0,0,0,0,0,0,0,0,0,0,0,0,0,0,0,0,0,0,0,0,0,
0,0,0,0,0,0,0,0,0,0,0,0,0,0,0,0,0,0,0,0,0,
0,0,0,0,0,0,0,0,0,0,0,0,0,0,0,0,0,0,0,0,0,
0,0,0,0,0,0,0,0,0,0,0,0,0,0,0,0,0,0,0,0,0,
0,0,0,0,0,0,0,0,0,0,0,0,0,0,0,0,0,0,0,0,0,
0,0,0,0,0,0,0,0,0,0,0,0,0,0,0,0,0,0,0,0,0,
0,0,0,0,0,0,0,0,0,0,0,0,0,0,0,0,0,0,0,0,0,
0,0,0,0,0,0,0,0,0,0,0,0,0,0,0,0,0,0,0,0,0,
0,0,0,0,0,0,0,0,0,0,0,0,0,0,0,0,0,0,0,0,0
</data>
 </layer>
 <layer id="4" name="1001" width="21" height="30" visible="0">
  <data encoding="csv">
0,0,0,0,0,0,0,0,0,0,0,0,0,0,0,0,0,0,0,0,0,
0,0,0,0,0,0,0,0,0,0,0,0,0,0,0,0,0,0,0,0,0,
0,0,0,0,0,0,0,0,0,0,0,0,0,0,0,0,0,0,0,0,0,
0,0,0,0,0,0,0,0,0,0,0,0,0,0,0,0,0,0,0,0,0,
0,0,0,21062,21062,0,21062,0,21062,0,0,21062,0,21062,0,21062,21062,0,0,0,0,
0,0,0,21062,0,21062,0,21062,0,21062,21062,0,21062,0,21062,0,21062,0,0,0,0,
0,0,0,0,21062,0,21062,0,21062,0,0,21062,0,21062,0,21062,0,0,0,0,0,
0,0,0,21062,0,0,0,0,0,21062,21062,0,0,0,0,0,21062,0,0,0,0,
0,0,0,0,0,0,0,0,0,0,0,0,0,0,0,0,0,0,0,0,0,
0,0,0,0,0,0,0,0,0,0,0,0,0,0,0,0,0,0,0,0,0,
0,0,0,0,0,0,0,0,0,0,0,0,0,0,0,0,0,0,0,0,0,
0,0,0,0,0,0,0,0,0,0,0,0,0,0,0,0,0,0,0,0,0,
0,0,0,0,0,0,0,0,0,0,0,0,0,0,0,0,0,0,0,0,0,
0,0,0,0,0,0,0,0,0,0,0,0,0,0,0,0,0,0,0,0,0,
0,0,0,0,0,0,0,0,0,0,0,0,0,0,0,0,0,0,0,0,0,
0,0,0,0,0,0,0,0,0,0,0,0,0,0,0,0,0,0,0,0,0,
0,0,0,0,0,0,0,0,0,0,0,0,0,0,0,0,0,0,0,0,0,
0,0,0,0,0,0,0,0,0,0,0,0,0,0,0,0,0,0,0,0,0,
0,0,0,0,0,0,0,0,0,0,0,0,0,0,0,0,0,0,0,0,0,
0,0,0,0,0,0,0,0,0,0,0,0,0,0,0,0,0,0,0,0,0,
0,0,0,0,0,0,0,0,0,0,0,0,0,0,0,0,0,0,0,0,0,
0,0,0,0,0,0,0,0,0,0,0,0,0,0,0,0,0,0,0,0,0,
0,0,0,0,0,0,0,0,0,0,0,0,0,0,0,0,0,0,0,0,0,
0,0,0,0,0,0,0,0,0,0,0,0,0,0,0,0,0,0,0,0,0,
0,0,0,0,0,0,0,21062,0,0,0,0,21062,0,0,0,0,0,0,0,0,
0,0,0,0,0,0,0,0,0,0,0,0,0,0,0,0,0,0,0,0,0,
0,0,0,0,0,0,0,0,0,0,0,0,0,0,0,0,0,0,0,0,0,
0,0,0,0,0,0,0,0,0,0,0,0,0,0,0,0,0,0,0,0,0,
0,0,0,0,0,0,0,0,0,0,0,0,0,0,0,0,0,0,0,0,0,
0,0,0,0,0,0,0,0,0,0,0,0,0,0,0,0,0,0,0,0,0
</data>
 </layer>
 <layer id="5" name="1002" width="21" height="30" visible="0">
  <data encoding="csv">
0,0,0,0,0,0,0,0,0,0,0,0,0,0,0,0,0,0,0,0,0,
0,0,0,0,0,0,0,0,0,0,0,0,0,0,0,0,0,0,0,0,0,
0,0,0,0,0,0,0,0,0,0,0,0,0,0,0,0,0,0,0,0,0,
0,0,0,0,0,0,0,0,0,0,0,0,0,0,0,0,0,0,0,0,0,
0,0,0,0,0,0,0,0,0,0,0,0,0,0,0,0,0,0,0,0,0,
0,0,0,0,0,0,0,21062,0,0,0,0,21062,0,0,0,0,0,0,0,0,
0,0,0,0,0,0,0,0,0,0,0,0,0,0,0,0,0,0,0,0,0,
0,0,0,0,0,0,0,0,0,0,0,0,0,0,0,0,0,0,0,0,0,
0,0,0,0,0,0,0,0,0,0,0,0,0,0,0,0,0,0,0,0,0,
0,0,0,0,0,0,0,0,0,0,0,0,0,0,0,0,0,0,0,0,0,
0,0,0,0,0,0,0,0,0,0,0,0,0,0,0,0,0,0,0,0,0,
0,0,0,0,0,0,0,0,0,0,0,0,0,0,0,0,0,0,0,0,0,
0,0,0,0,0,0,0,0,0,0,0,0,0,0,0,0,0,0,0,0,0,
0,0,0,0,0,0,0,0,0,0,0,0,0,0,0,0,0,0,0,0,0,
0,0,0,0,0,0,0,0,0,0,0,0,0,0,0,0,0,0,0,0,0,
0,0,0,0,0,0,0,0,0,0,0,0,0,0,0,0,0,0,0,0,0,
0,0,0,0,0,0,0,0,0,0,0,0,0,0,0,0,0,0,0,0,0,
0,0,0,0,0,0,0,0,0,0,0,0,0,0,0,0,0,0,0,0,0,
0,0,0,0,0,0,0,0,0,0,0,0,0,0,0,0,0,0,0,0,0,
0,0,0,0,0,0,0,0,0,0,0,0,0,0,0,0,0,0,0,0,0,
0,0,0,0,0,0,0,0,0,0,0,0,0,0,0,0,0,0,0,0,0,
0,0,0,0,0,0,0,0,0,0,0,0,0,0,0,0,0,0,0,0,0,
0,0,0,21062,0,0,0,0,0,21062,21062,0,0,0,0,0,21062,0,0,0,0,
0,0,0,0,21062,0,21062,0,21062,0,0,21062,0,21062,0,21062,0,0,0,0,0,
0,0,0,21062,0,21062,0,21062,0,21062,21062,0,21062,0,21062,0,21062,0,0,0,0,
0,0,0,21062,21062,0,21062,0,21062,0,0,21062,0,21062,0,21062,21062,0,0,0,0,
0,0,0,0,0,0,0,0,0,0,0,0,0,0,0,0,0,0,0,0,0,
0,0,0,0,0,0,0,0,0,0,0,0,0,0,0,0,0,0,0,0,0,
0,0,0,0,0,0,0,0,0,0,0,0,0,0,0,0,0,0,0,0,0,
0,0,0,0,0,0,0,0,0,0,0,0,0,0,0,0,0,0,0,0,0
</data>
 </layer>
 <layer id="6" name="1003" width="21" height="30" visible="0">
  <data encoding="csv">
0,0,0,0,0,0,0,0,0,0,0,0,0,0,0,0,0,0,0,0,0,
0,0,0,0,0,0,0,0,0,0,0,0,0,0,0,0,0,0,0,0,0,
0,0,0,0,0,0,0,0,0,0,0,0,0,0,0,0,0,0,0,0,0,
0,0,0,0,0,21063,21063,0,0,21063,21063,0,0,21063,21063,0,0,0,0,0,0,
0,0,0,0,21063,0,0,21063,21063,21063,21063,21063,21063,0,0,21063,0,0,0,0,0,
0,0,0,21063,0,21063,21063,0,21063,0,0,21063,0,21063,21063,0,21063,0,0,0,0,
0,0,0,0,21063,0,0,0,0,21063,21063,0,0,0,0,21063,0,0,0,0,0,
0,0,0,0,0,0,0,0,0,0,0,0,0,0,0,0,0,0,0,0,0,
0,0,0,0,0,0,0,0,0,0,0,0,0,0,0,0,0,0,0,0,0,
0,0,0,0,0,0,0,0,0,0,0,0,0,0,0,0,0,0,0,0,0,
0,0,0,0,0,0,0,0,0,0,0,0,0,0,0,0,0,0,0,0,0,
0,0,0,0,0,0,0,0,0,0,0,0,0,0,0,0,0,0,0,0,0,
0,0,0,0,0,0,0,0,0,0,0,0,0,0,0,0,0,0,0,0,0,
0,0,0,0,0,0,0,0,0,0,0,0,0,0,0,0,0,0,0,0,0,
0,0,0,0,0,0,0,0,0,0,0,0,0,0,0,0,0,0,0,0,0,
0,0,0,0,0,0,0,0,0,0,0,0,0,0,0,0,0,0,0,0,0,
0,0,0,0,0,0,0,0,0,0,0,0,0,0,0,0,0,0,0,0,0,
0,0,0,0,0,0,0,0,0,0,0,0,0,0,0,0,0,0,0,0,0,
0,0,0,0,0,0,0,0,0,0,0,0,0,0,0,0,0,0,0,0,0,
0,0,0,0,0,0,0,0,0,0,0,0,0,0,0,0,0,0,0,0,0,
0,0,0,0,0,0,0,0,0,0,0,0,0,0,0,0,0,0,0,0,0,
0,0,0,0,0,0,0,0,0,0,0,0,0,0,0,0,0,0,0,0,0,
0,0,0,0,0,0,0,0,0,0,0,0,0,0,0,0,0,0,0,0,0,
0,0,0,0,0,0,21063,0,21063,0,0,21063,0,21063,0,0,0,0,0,0,0,
0,0,0,0,0,0,0,0,0,0,0,0,0,0,0,0,0,0,0,0,0,
0,0,0,0,0,0,0,0,0,0,0,0,0,0,0,0,0,0,0,0,0,
0,0,0,0,0,0,0,0,0,0,0,0,0,0,0,0,0,0,0,0,0,
0,0,0,0,0,0,0,0,0,0,0,0,0,0,0,0,0,0,0,0,0,
0,0,0,0,0,0,0,0,0,0,0,0,0,0,0,0,0,0,0,0,0,
0,0,0,0,0,0,0,0,0,0,0,0,0,0,0,0,0,0,0,0,0
</data>
 </layer>
 <layer id="7" name="1004" width="21" height="30" visible="0">
  <data encoding="csv">
0,0,0,0,0,0,0,0,0,0,0,0,0,0,0,0,0,0,0,0,0,
0,0,0,0,0,0,0,0,0,0,0,0,0,0,0,0,0,0,0,0,0,
0,0,0,0,0,0,0,0,0,0,0,0,0,0,0,0,0,0,0,0,0,
0,0,0,0,0,0,0,0,0,0,0,0,0,0,0,0,0,0,0,0,0,
0,0,0,0,0,21063,0,21063,0,0,0,21063,0,21063,0,0,0,0,0,0,0,
0,0,0,0,0,0,0,0,0,0,0,0,0,0,0,0,0,0,0,0,0,
0,0,0,0,0,0,0,0,0,0,0,0,0,0,0,0,0,0,0,0,0,
0,0,0,0,0,0,0,0,0,0,0,0,0,0,0,0,0,0,0,0,0,
0,0,0,0,0,0,0,0,0,0,0,0,0,0,0,0,0,0,0,0,0,
0,0,0,0,0,0,0,0,0,0,0,0,0,0,0,0,0,0,0,0,0,
0,0,0,0,0,0,0,0,0,0,0,0,0,0,0,0,0,0,0,0,0,
0,0,0,0,0,0,0,0,0,0,0,0,0,0,0,0,0,0,0,0,0,
0,0,0,0,0,0,0,0,0,0,0,0,0,0,0,0,0,0,0,0,0,
0,0,0,0,0,0,0,0,0,0,0,0,0,0,0,0,0,0,0,0,0,
0,0,0,0,0,0,0,0,0,0,0,0,0,0,0,0,0,0,0,0,0,
0,0,0,0,0,0,0,0,0,0,0,0,0,0,0,0,0,0,0,0,0,
0,0,0,0,0,0,0,0,0,0,0,0,0,0,0,0,0,0,0,0,0,
0,0,0,0,0,0,0,0,0,0,0,0,0,0,0,0,0,0,0,0,0,
0,0,0,0,0,0,0,0,0,0,0,0,0,0,0,0,0,0,0,0,0,
0,0,0,0,0,0,0,0,0,0,0,0,0,0,0,0,0,0,0,0,0,
0,0,0,0,0,0,0,0,0,0,0,0,0,0,0,0,0,0,0,0,0,
0,0,0,0,0,0,0,0,0,0,0,0,0,0,0,0,0,0,0,0,0,
0,0,0,0,0,0,0,0,0,0,0,0,0,0,0,0,0,0,0,0,0,
0,0,0,0,21063,0,0,0,0,21063,21063,0,0,0,0,21063,0,0,0,0,0,
0,0,0,21063,0,21063,21063,0,21063,0,0,21063,0,21063,21063,0,21063,0,0,0,0,
0,0,0,0,21063,0,0,21063,21063,21063,21063,21063,21063,0,0,21063,0,0,0,0,0,
0,0,0,0,0,21063,21063,0,0,21063,21063,0,0,21063,21063,0,0,0,0,0,0,
0,0,0,0,0,0,0,0,0,0,0,0,0,0,0,0,0,0,0,0,0,
0,0,0,0,0,0,0,0,0,0,0,0,0,0,0,0,0,0,0,0,0,
0,0,0,0,0,0,0,0,0,0,0,0,0,0,0,0,0,0,0,0,0
</data>
 </layer>
 <layer id="9" name="1005" width="21" height="30" visible="0">
  <data encoding="csv">
0,0,0,0,0,0,0,0,0,0,0,0,0,0,0,0,0,0,0,0,0,
0,0,0,0,0,0,0,0,0,0,0,0,0,0,0,0,0,0,0,0,0,
0,0,0,0,0,0,0,0,0,0,0,0,0,0,0,0,0,0,0,0,0,
0,0,0,0,0,0,0,21063,21063,0,0,0,0,0,0,0,0,0,0,0,0,
0,0,0,0,0,21063,21063,21063,21063,0,0,0,0,0,0,0,0,0,0,0,0,
0,0,21063,21063,21063,21063,0,0,21063,0,0,0,0,0,0,0,0,0,0,0,0,
0,0,21063,21063,21063,0,21063,0,0,0,0,0,0,0,0,0,0,0,0,0,0,
0,21063,21063,0,0,0,0,0,0,0,0,0,0,0,0,0,0,0,0,0,0,
0,21063,21063,21063,0,0,0,0,0,0,0,0,0,0,0,0,0,0,0,0,0,
0,21063,0,0,0,0,0,0,0,0,0,0,0,0,0,0,0,0,0,0,0,
0,21063,0,0,0,0,0,0,0,0,0,0,0,0,0,0,0,0,0,0,0,
0,0,0,0,0,0,0,0,0,0,0,0,0,0,0,0,0,0,0,0,0,
0,21063,0,0,0,0,0,0,0,0,0,0,0,0,0,0,0,0,0,0,0,
0,21063,0,0,0,0,0,0,0,0,0,0,0,0,0,0,0,0,0,0,0,
0,0,0,0,0,0,0,0,0,0,0,0,0,0,0,0,0,0,0,0,0,
0,21063,0,0,0,0,0,0,0,0,0,0,0,0,0,0,0,0,0,0,0,
0,0,0,0,0,0,0,0,0,0,0,0,0,0,0,0,0,0,0,0,0,
0,21063,0,0,0,0,0,0,0,0,0,0,0,0,0,0,0,0,0,0,0,
0,0,0,0,0,0,0,0,0,0,0,0,0,0,0,0,0,0,0,0,0,
0,0,0,0,0,0,0,0,0,0,0,0,0,0,0,0,0,0,0,0,0,
0,0,0,0,0,0,0,0,0,0,0,0,0,0,0,0,0,0,0,0,0,
0,0,0,0,0,0,0,0,0,0,0,0,0,0,0,0,0,0,0,0,0,
0,0,0,0,0,0,0,0,0,0,0,0,0,0,0,0,0,0,0,0,0,
0,0,0,0,0,0,0,0,0,0,0,0,0,0,0,0,0,0,0,0,0,
0,0,0,0,0,0,0,0,0,0,0,0,0,0,0,0,0,0,0,0,0,
0,0,0,0,0,0,0,0,0,0,0,0,0,0,0,0,0,0,0,0,0,
0,0,0,0,0,0,0,0,0,0,0,0,0,0,0,0,0,0,0,0,0,
0,0,0,0,0,0,0,0,0,0,0,0,0,0,0,0,0,0,0,0,0,
0,0,0,0,0,0,0,0,0,0,0,0,0,0,0,0,0,0,0,0,0,
0,0,0,0,0,0,0,0,0,0,0,0,0,0,0,0,0,0,0,0,0
</data>
 </layer>
 <layer id="10" name="1006" width="21" height="30" visible="0">
  <data encoding="csv">
0,0,0,0,0,0,0,0,0,0,0,0,0,0,0,0,0,0,0,0,0,
0,0,0,0,0,0,0,0,0,0,0,0,0,0,0,0,0,0,0,0,0,
0,0,0,0,0,0,0,0,0,0,0,0,0,0,0,0,0,0,0,0,0,
0,0,0,0,0,0,0,0,0,0,0,0,0,0,0,0,0,0,0,0,0,
0,0,0,0,0,0,0,0,0,0,0,0,0,0,0,0,0,0,0,0,0,
0,0,0,0,0,0,0,0,0,0,0,0,0,0,0,0,0,0,0,0,0,
0,0,0,0,0,0,0,0,0,0,0,0,0,0,0,0,0,0,0,0,0,
0,0,0,0,0,0,0,0,0,0,0,0,0,0,0,0,0,0,0,0,0,
0,0,0,0,0,0,0,0,0,0,0,0,0,0,0,0,0,0,0,0,0,
0,0,0,0,0,0,0,0,0,0,0,0,0,0,0,0,0,0,0,0,0,
0,0,0,0,0,0,0,0,0,0,0,0,0,0,0,0,0,0,0,0,0,
0,0,0,0,0,0,0,0,0,0,0,0,0,0,0,0,0,0,0,0,0,
0,0,0,0,0,0,0,0,0,0,0,0,0,0,0,0,0,0,0,0,0,
0,0,0,0,0,0,0,0,0,0,0,0,0,0,0,0,0,0,0,0,0,
0,0,0,0,0,0,0,0,0,0,0,0,0,0,0,0,0,0,0,0,0,
0,0,0,0,0,0,0,0,0,0,0,0,0,0,0,0,0,0,0,0,0,
0,0,0,0,0,0,0,0,0,0,0,0,0,0,0,0,0,0,0,21063,0,
0,0,0,0,0,0,0,0,0,0,0,0,0,0,0,0,0,0,21063,0,0,
0,0,0,0,0,0,0,0,0,0,0,0,0,0,0,0,0,0,21063,21063,0,
0,0,0,0,0,0,0,0,0,0,0,0,0,0,0,0,0,21063,21063,0,0,
0,0,0,0,0,0,0,0,0,0,0,0,0,0,0,0,0,0,21063,0,0,
0,0,0,0,0,0,0,0,0,0,0,0,0,0,0,0,0,21063,21063,0,0,
0,0,0,0,0,0,0,0,0,0,0,0,0,0,0,21063,21063,0,21063,21063,0,
0,0,0,0,0,0,0,0,0,0,0,0,0,21063,21063,21063,0,21063,0,21063,0,
0,0,0,0,0,0,0,0,0,0,0,21063,0,21063,21063,21063,21063,21063,0,21063,0,
0,0,0,0,0,0,0,0,0,0,0,0,21063,0,21063,21063,0,0,0,0,0,
0,0,0,0,0,0,0,0,0,0,0,0,0,0,0,0,0,0,0,0,0,
0,0,0,0,0,0,0,0,0,0,0,0,0,0,0,0,0,0,0,0,0,
0,0,0,0,0,0,0,0,0,0,0,0,0,0,0,0,0,0,0,0,0,
0,0,0,0,0,0,0,0,0,0,0,0,0,0,0,0,0,0,0,0,0
</data>
 </layer>
 <layer id="11" name="1007" width="21" height="30" visible="0">
  <data encoding="csv">
0,0,0,0,0,0,0,0,0,0,0,0,0,0,0,0,0,0,0,0,0,
0,0,0,0,0,0,0,0,0,0,0,0,0,0,0,0,0,0,0,0,0,
0,0,0,0,0,0,0,0,0,0,0,0,0,0,0,0,0,0,0,0,0,
0,0,0,0,0,0,0,0,0,0,0,0,0,21063,0,0,21063,0,0,0,0,
0,0,0,0,0,0,0,0,0,0,0,0,21063,0,21063,21063,0,21063,0,0,0,
0,0,0,0,0,0,0,0,0,0,0,0,21063,21063,21063,21063,21063,21063,21063,0,0,
0,0,0,0,0,0,0,0,0,0,0,0,0,0,0,0,21063,21063,21063,0,0,
0,0,0,0,0,0,0,0,0,0,0,0,0,0,0,0,21063,21063,21063,21063,0,
0,0,0,0,0,0,0,0,0,0,0,0,0,0,0,0,0,21063,21063,21063,0,
0,0,0,0,0,0,0,0,0,0,0,0,0,0,0,0,0,0,21063,0,0,
0,0,0,0,0,0,0,0,0,0,0,0,0,0,0,0,0,0,0,21063,0,
0,0,0,0,0,0,0,0,0,0,0,0,0,0,0,0,0,0,0,21063,0,
0,0,0,0,0,0,0,0,0,0,0,0,0,0,0,0,0,0,0,21063,0,
0,0,0,0,0,0,0,0,0,0,0,0,0,0,0,0,0,0,21063,21063,0,
0,0,0,0,0,0,0,0,0,0,0,0,0,0,0,0,0,0,0,0,0,
0,0,0,0,0,0,0,0,0,0,0,0,0,0,0,0,0,0,0,21063,0,
0,0,0,0,0,0,0,0,0,0,0,0,0,0,0,0,0,0,0,0,0,
0,0,0,0,0,0,0,0,0,0,0,0,0,0,0,0,0,0,0,0,0,
0,0,0,0,0,0,0,0,0,0,0,0,0,0,0,0,0,0,0,0,0,
0,0,0,0,0,0,0,0,0,0,0,0,0,0,0,0,0,0,0,0,0,
0,0,0,0,0,0,0,0,0,0,0,0,0,0,0,0,0,0,0,0,0,
0,0,0,0,0,0,0,0,0,0,0,0,0,0,0,0,0,0,0,0,0,
0,0,0,0,0,0,0,0,0,0,0,0,0,0,0,0,0,0,0,0,0,
0,0,0,0,0,0,0,0,0,0,0,0,0,0,0,0,0,0,0,0,0,
0,0,0,0,0,0,0,0,0,0,0,0,0,0,0,0,0,0,0,0,0,
0,0,0,0,0,0,0,0,0,0,0,0,0,0,0,0,0,0,0,0,0,
0,0,0,0,0,0,0,0,0,0,0,0,0,0,0,0,0,0,0,0,0,
0,0,0,0,0,0,0,0,0,0,0,0,0,0,0,0,0,0,0,0,0,
0,0,0,0,0,0,0,0,0,0,0,0,0,0,0,0,0,0,0,0,0,
0,0,0,0,0,0,0,0,0,0,0,0,0,0,0,0,0,0,0,0,0
</data>
 </layer>
 <layer id="12" name="1008" width="21" height="30" visible="0">
  <data encoding="csv">
0,0,0,0,0,0,0,0,0,0,0,0,0,0,0,0,0,0,0,0,0,
0,0,0,0,0,0,0,0,0,0,0,0,0,0,0,0,0,0,0,0,0,
0,0,0,0,0,0,0,0,0,0,0,0,0,0,0,0,0,0,0,0,0,
0,0,0,0,0,0,0,0,0,0,0,0,0,0,0,0,0,0,0,0,0,
0,0,0,0,0,0,0,0,0,0,0,0,0,0,0,0,0,0,0,0,0,
0,0,0,0,0,0,0,0,0,0,0,0,0,0,0,0,0,0,0,0,0,
0,0,0,0,0,0,0,0,0,0,0,0,0,0,0,0,0,0,0,0,0,
0,0,0,0,0,0,0,0,0,0,0,0,0,0,0,0,0,0,0,0,0,
0,0,0,0,0,0,0,0,0,0,0,0,0,0,0,0,0,0,0,0,0,
0,0,0,0,0,0,0,0,0,0,0,0,0,0,0,0,0,0,0,0,0,
0,0,0,0,0,0,0,0,0,0,0,0,0,0,0,0,0,0,0,0,0,
0,0,0,0,0,0,0,0,0,0,0,0,0,0,0,0,0,0,0,0,0,
0,0,0,0,0,0,0,0,0,0,0,0,0,0,0,0,0,0,0,0,0,
0,0,0,0,0,0,0,0,0,0,0,0,0,0,0,0,0,0,0,0,0,
0,0,0,0,0,0,0,0,0,0,0,0,0,0,0,0,0,0,0,0,0,
0,0,0,0,0,0,0,0,0,0,0,0,0,0,0,0,0,0,0,0,0,
0,0,0,0,0,0,0,0,0,0,0,0,0,0,0,0,0,0,0,0,0,
0,21063,0,0,0,0,0,0,0,0,0,0,0,0,0,0,0,0,0,0,0,
0,21063,0,0,0,0,0,0,0,0,0,0,0,0,0,0,0,0,0,0,0,
0,21063,21063,0,0,0,0,0,0,0,0,0,0,0,0,0,0,0,0,0,0,
0,21063,21063,21063,0,0,0,0,0,0,0,0,0,0,0,0,0,0,0,0,0,
0,21063,21063,0,0,0,0,0,0,0,0,0,0,0,0,0,0,0,0,0,0,
0,21063,0,21063,21063,0,0,0,0,0,0,0,0,0,0,0,0,0,0,0,0,
0,0,21063,21063,21063,21063,0,0,0,0,0,0,0,0,0,0,0,0,0,0,0,
0,21063,0,21063,21063,21063,21063,0,0,0,0,0,0,0,0,0,0,0,0,0,0,
0,0,21063,21063,21063,0,21063,21063,21063,0,0,0,0,0,0,0,0,0,0,0,0,
0,0,0,0,0,0,0,0,0,0,0,0,0,0,0,0,0,0,0,0,0,
0,0,0,0,0,0,0,0,0,0,0,0,0,0,0,0,0,0,0,0,0,
0,0,0,0,0,0,0,0,0,0,0,0,0,0,0,0,0,0,0,0,0,
0,0,0,0,0,0,0,0,0,0,0,0,0,0,0,0,0,0,0,0,0
</data>
 </layer>
 <layer id="13" name="1009" width="21" height="30" visible="0">
  <data encoding="csv">
0,0,0,0,0,0,0,0,0,0,0,0,0,0,0,0,0,0,0,0,0,
0,0,0,0,0,0,0,0,0,0,0,0,0,0,0,0,0,0,0,0,0,
0,0,0,0,0,0,0,0,0,0,0,0,0,0,0,0,0,0,0,0,0,
0,0,0,0,0,0,0,0,0,0,0,0,0,0,0,0,0,0,0,0,0,
0,0,0,0,21063,21063,21063,21063,21063,21063,21063,0,21063,21063,21063,21063,0,0,0,0,0,
0,0,0,21063,21063,21063,0,21063,0,21063,21063,21063,21063,21063,21063,21063,21063,0,0,0,0,
0,0,21063,0,0,0,0,0,0,0,0,0,0,0,0,0,0,21063,21063,0,0,
0,0,0,0,0,0,0,0,0,0,0,0,0,0,0,0,0,0,0,0,0,
0,0,0,0,0,0,0,0,0,0,0,0,0,0,0,0,0,0,0,0,0,
0,0,0,0,0,0,0,0,0,0,0,0,0,0,0,0,0,0,0,0,0,
0,0,0,0,0,0,0,0,0,0,0,0,0,0,0,0,0,0,0,0,0,
0,0,0,0,0,0,0,0,0,0,0,0,0,0,0,0,0,0,0,0,0,
0,0,0,0,0,0,0,0,0,0,0,0,0,0,0,0,0,0,0,0,0,
0,0,0,0,0,0,0,0,0,0,0,0,0,0,0,0,0,0,0,0,0,
0,0,0,0,0,0,0,0,0,0,0,0,0,0,0,0,0,0,0,0,0,
0,0,0,0,0,0,0,0,0,0,0,0,0,0,0,0,0,0,0,0,0,
0,0,0,0,0,0,0,0,0,0,0,0,0,0,0,0,0,0,0,0,0,
0,0,0,0,0,0,0,0,0,0,0,0,0,0,0,0,0,0,0,0,0,
0,0,0,0,0,0,0,0,0,0,0,0,0,0,0,0,0,0,0,0,0,
0,0,0,0,0,0,0,0,0,0,0,0,0,0,0,0,0,0,0,0,0,
0,0,0,0,0,0,0,0,0,0,0,0,0,0,0,0,0,0,0,0,0,
0,0,0,0,0,0,0,0,0,0,0,0,0,0,0,0,0,0,0,0,0,
0,0,0,0,0,0,0,0,0,0,0,0,0,0,0,0,0,0,0,0,0,
0,0,0,0,0,0,0,0,0,0,0,0,0,0,0,0,0,0,21063,0,0,
0,0,0,21063,21063,0,0,0,21063,0,0,0,0,0,21063,0,21063,21063,0,0,0,
0,0,0,0,21063,21063,21063,21063,21063,21063,21063,21063,21063,21063,21063,21063,21063,0,0,0,0,
0,0,0,0,0,21063,21063,21063,21063,21063,21063,21063,21063,21063,0,21063,0,0,0,0,0,
0,0,0,0,0,0,0,0,0,0,0,0,0,21063,21063,21063,0,0,0,0,0,
0,0,0,0,0,0,0,0,0,0,0,0,0,0,0,0,0,0,0,0,0,
0,0,0,0,0,0,0,0,0,0,0,0,0,0,0,0,0,0,0,0,0
</data>
 </layer>
 <layer id="14" name="1010" width="21" height="30" visible="0">
  <data encoding="csv">
0,0,0,0,0,0,0,0,0,0,0,0,0,0,0,0,0,0,0,0,0,
0,0,0,0,0,0,0,0,0,0,0,0,0,0,0,0,0,0,0,0,0,
0,0,0,0,0,0,0,0,0,0,0,0,0,0,0,0,0,0,0,0,0,
0,0,0,0,0,0,0,0,0,0,0,0,0,0,0,0,0,0,0,0,0,
0,0,0,0,0,0,0,0,0,0,0,0,21063,21063,0,21063,21063,0,0,0,0,
0,0,0,0,0,0,0,0,0,0,0,0,21063,21063,21063,21063,21063,21063,21063,21063,0,
0,0,0,0,0,0,0,0,0,0,0,0,0,0,21063,21063,21063,21063,21063,21063,0,
0,0,0,0,0,0,0,0,0,0,0,0,0,0,21063,21063,21063,21063,21063,21063,0,
0,0,0,0,0,0,0,0,0,0,0,0,0,0,0,0,21063,21063,21063,21063,0,
0,0,0,0,0,0,0,0,0,0,0,0,0,0,0,0,0,21063,21063,21063,0,
0,0,0,0,0,0,0,0,0,0,0,0,0,0,0,0,0,0,21063,21063,0,
0,0,0,0,0,0,0,0,0,0,0,0,0,0,0,0,0,0,0,21063,0,
0,0,0,0,0,0,0,0,0,0,0,0,0,0,0,0,0,0,0,0,0,
0,0,0,0,0,0,0,0,0,0,0,0,0,0,0,0,0,0,0,0,0,
0,0,0,0,0,0,0,0,0,0,0,0,0,0,0,0,0,0,0,0,0,
0,0,0,0,0,0,0,0,0,0,0,0,0,0,0,0,0,0,0,0,0,
0,0,0,0,0,0,0,0,0,0,0,0,0,0,0,0,0,0,0,0,0,
0,0,0,0,0,0,0,0,0,0,0,0,0,0,0,0,0,0,0,0,0,
0,21063,0,0,0,0,0,0,0,0,0,0,0,0,0,0,0,0,0,0,0,
0,21063,21063,0,0,0,0,0,0,0,0,0,0,0,0,0,0,0,0,0,0,
0,21063,21063,21063,0,0,0,0,0,0,0,0,0,0,0,0,0,0,0,0,0,
0,21063,21063,21063,0,0,0,0,0,0,0,0,0,0,0,0,0,0,0,0,0,
0,21063,21063,21063,21063,0,0,0,0,0,0,0,0,0,0,0,0,0,0,0,0,
0,0,21063,21063,21063,21063,0,0,0,0,0,0,0,0,0,0,0,0,0,0,0,
0,21063,21063,21063,21063,21063,21063,21063,0,0,0,0,0,0,0,0,0,0,0,0,0,
0,0,21063,0,21063,21063,21063,21063,21063,0,0,0,0,0,0,0,0,0,0,0,0,
0,0,0,0,0,0,0,0,0,0,0,0,0,0,0,0,0,0,0,0,0,
0,0,0,0,0,0,0,0,0,0,0,0,0,0,0,0,0,0,0,0,0,
0,0,0,0,0,0,0,0,0,0,0,0,0,0,0,0,0,0,0,0,0,
0,0,0,0,0,0,0,0,0,0,0,0,0,0,0,0,0,0,0,0,0
</data>
 </layer>
 <layer id="15" name="1011" width="21" height="30" visible="0">
  <data encoding="csv">
0,0,0,0,0,0,0,0,0,0,0,0,0,0,0,0,0,0,0,0,0,
0,0,0,0,0,0,0,0,0,0,0,0,0,0,0,0,0,0,0,0,0,
0,0,0,0,0,0,0,0,0,0,0,0,0,0,0,0,0,0,0,0,0,
0,0,0,0,0,0,0,0,0,0,0,0,0,0,0,0,0,0,0,0,0,
0,0,0,0,0,0,0,0,0,0,0,0,0,0,0,0,0,0,0,0,0,
0,0,0,0,0,0,0,0,0,0,0,0,0,0,0,0,21063,21063,21063,0,0,
0,0,0,0,0,0,0,0,0,0,0,0,0,0,0,0,0,0,21063,0,0,
0,21063,0,0,0,0,0,0,0,0,0,0,0,0,0,0,0,0,21063,0,0,
0,0,21063,0,0,0,0,0,0,0,0,0,0,0,0,0,0,0,21063,0,0,
0,21063,21063,0,0,0,0,0,0,0,0,0,0,0,0,0,0,0,0,21063,0,
0,21063,21063,0,0,0,0,0,0,0,0,0,0,0,0,0,0,0,21063,0,0,
0,0,21063,0,0,0,0,0,0,0,0,0,0,0,0,0,0,0,0,21063,0,
0,21063,0,0,0,0,0,0,0,0,0,0,0,0,0,0,0,0,21063,0,0,
0,0,21063,0,0,0,0,0,0,0,0,0,0,0,0,0,0,0,21063,21063,0,
0,21063,21063,0,0,0,0,0,0,0,0,0,0,0,0,0,0,0,0,21063,0,
0,21063,21063,0,0,0,0,0,0,0,0,0,0,0,0,0,0,0,21063,21063,0,
0,0,21063,0,0,0,0,0,0,0,0,0,0,0,0,0,0,0,21063,0,0,
0,21063,21063,0,0,0,0,0,0,0,0,0,0,0,0,0,0,0,21063,21063,0,
0,21063,21063,0,0,0,0,0,0,0,0,0,0,0,0,0,0,0,21063,0,0,
0,21063,21063,0,0,0,0,0,0,0,0,0,0,0,0,0,0,0,21063,21063,0,
0,21063,21063,0,0,0,0,0,0,0,0,0,0,0,0,0,0,0,0,21063,0,
0,21063,0,0,0,0,0,0,0,0,0,0,0,0,0,0,0,0,21063,0,0,
0,0,0,0,0,0,0,0,0,0,0,0,0,0,0,0,0,0,0,0,0,
0,0,0,0,0,0,0,0,0,0,0,0,0,0,0,0,0,21063,21063,0,0,
0,0,0,0,0,0,0,0,0,0,0,0,0,0,0,21063,21063,0,0,0,0,
0,0,0,0,0,0,0,0,0,0,0,0,0,0,0,0,0,0,0,0,0,
0,0,0,0,0,0,0,0,0,0,0,0,0,0,0,0,0,0,0,0,0,
0,0,0,0,0,0,0,0,0,0,0,0,0,0,0,0,0,0,0,0,0,
0,0,0,0,0,0,0,0,0,0,0,0,0,0,0,0,0,0,0,0,0,
0,0,0,0,0,0,0,0,0,0,0,0,0,0,0,0,0,0,0,0,0
</data>
 </layer>
 <layer id="16" name="1012" width="21" height="30" visible="0">
  <data encoding="csv">
0,0,0,0,0,0,0,0,0,0,0,0,0,0,0,0,0,0,0,0,0,
0,0,0,0,0,0,0,0,0,0,0,0,0,0,0,0,0,0,0,0,0,
0,0,0,0,0,0,0,0,0,0,0,0,0,0,0,0,0,0,0,0,0,
0,0,0,0,21063,0,0,0,0,0,0,0,0,0,0,0,0,0,0,0,0,
0,0,0,21063,21063,0,21063,21063,0,0,0,0,0,0,0,0,0,0,0,0,0,
0,0,21063,21063,21063,21063,21063,0,0,0,0,0,0,0,0,0,0,0,0,0,0,
0,0,21063,21063,0,0,0,0,0,0,0,0,0,0,0,0,0,0,0,0,0,
0,21063,21063,0,0,0,0,0,0,0,0,0,0,0,0,0,0,0,0,0,0,
0,21063,0,0,0,0,0,0,0,0,0,0,0,0,0,0,0,0,0,0,0,
0,21063,0,0,0,0,0,0,0,0,0,0,0,0,0,0,0,0,0,0,0,
0,21063,0,0,0,0,0,0,0,0,0,0,0,0,0,0,0,0,0,0,0,
21063,0,0,0,0,0,0,0,0,0,0,0,0,0,0,0,0,0,0,0,0,
0,0,0,0,0,0,0,0,0,0,0,0,0,0,0,0,0,0,0,0,0,
0,0,0,0,0,0,0,0,0,0,0,0,0,0,0,0,0,0,0,0,0,
0,0,0,0,0,0,0,0,0,0,0,0,0,0,0,0,0,0,0,0,0,
0,0,0,0,0,0,0,0,0,0,0,0,0,0,0,0,0,0,0,0,0,
0,0,0,0,0,0,0,0,0,0,0,0,0,0,0,0,0,0,0,0,0,
0,0,0,0,0,0,0,0,0,0,0,0,0,0,0,0,0,0,0,0,0,
0,0,0,0,0,0,0,0,0,0,0,0,0,0,0,0,0,0,0,21063,0,
0,0,0,0,0,0,0,0,0,0,0,0,0,0,0,0,0,0,0,21063,0,
0,0,0,0,0,0,0,0,0,0,0,0,0,0,0,0,0,0,0,21063,0,
0,0,0,0,0,0,0,0,0,0,0,0,0,0,0,0,0,0,0,21063,0,
0,0,0,0,0,0,0,0,0,0,0,0,0,0,0,0,0,0,21063,21063,0,
0,0,0,0,0,0,0,0,0,0,0,0,0,0,0,0,21063,21063,21063,0,0,
0,0,0,0,0,0,0,0,0,0,0,21063,21063,0,21063,21063,21063,21063,21063,0,0,
0,0,0,0,0,0,0,0,0,0,0,21063,0,21063,21063,0,0,0,0,0,0,
0,0,0,0,0,0,0,0,0,0,0,0,0,0,0,0,0,0,0,0,0,
0,0,0,0,0,0,0,0,0,0,0,0,0,0,0,0,0,0,0,0,0,
0,0,0,0,0,0,0,0,0,0,0,0,0,0,0,0,0,0,0,0,0,
0,0,0,0,0,0,0,0,0,0,0,0,0,0,0,0,0,0,0,0,0
</data>
 </layer>
 <layer id="17" name="1013" width="21" height="30" visible="0">
  <data encoding="csv">
0,0,0,0,0,0,0,0,0,0,0,0,0,0,0,0,0,0,0,0,0,
0,0,0,0,0,0,0,0,0,0,0,0,0,0,0,0,0,0,0,0,0,
0,0,0,0,0,0,0,0,0,0,0,0,0,0,0,0,0,0,0,0,0,
0,0,0,0,0,0,0,0,21063,21063,0,0,0,0,0,0,0,0,0,0,0,
0,0,0,0,0,21063,21063,21063,21063,21063,21063,21063,21063,21063,21063,0,0,0,0,0,0,
0,0,0,21063,21063,21063,21063,21063,0,0,0,0,0,0,21063,21063,21063,21063,0,0,0,
0,0,0,0,0,0,0,0,0,0,0,0,0,0,0,0,0,0,21063,0,0,
0,0,0,0,0,0,0,0,0,0,0,0,0,0,0,0,0,0,21063,0,0,
0,0,0,0,0,0,0,0,0,0,0,0,0,0,0,0,0,0,21063,0,0,
0,0,0,0,0,0,0,0,0,0,0,0,0,0,0,0,0,0,21063,0,0,
0,0,0,0,0,0,0,0,0,0,0,0,0,0,0,0,0,0,21063,21063,0,
0,0,0,0,0,0,0,0,0,0,0,0,0,0,0,0,0,0,0,21063,0,
0,0,0,0,0,0,0,0,0,0,0,0,0,0,0,0,0,0,0,21063,0,
0,0,0,0,0,0,0,0,0,0,0,0,0,0,0,0,0,0,0,21063,0,
0,0,0,0,0,0,0,0,0,0,0,0,0,0,0,0,0,0,0,21063,0,
0,0,0,0,0,0,0,0,0,0,0,0,0,0,0,0,0,0,0,21063,0,
0,0,0,0,0,0,0,0,0,0,0,0,0,0,0,0,0,0,0,21063,0,
0,0,0,0,0,0,0,0,0,0,0,0,0,0,0,0,0,0,0,21063,0,
0,0,0,0,0,0,0,0,0,0,0,0,0,0,0,0,0,0,21063,0,0,
0,0,0,0,0,0,0,0,0,0,0,0,0,0,0,0,0,0,21063,0,0,
0,0,0,0,0,0,0,0,0,0,0,0,0,0,0,0,0,21063,21063,0,0,
0,0,0,0,0,0,0,0,0,0,0,0,0,0,0,0,0,21063,0,0,0,
0,0,0,0,0,0,0,0,0,0,0,0,0,0,0,0,0,21063,0,0,0,
0,0,21063,0,0,0,0,0,0,0,0,0,0,0,0,0,0,21063,21063,0,0,
0,0,0,21063,21063,21063,0,21063,21063,0,21063,0,21063,21063,21063,21063,21063,21063,0,0,0,
0,0,0,0,21063,0,21063,21063,21063,21063,21063,21063,21063,0,21063,0,0,0,0,0,0,
0,0,0,0,0,0,0,0,0,0,0,0,0,0,0,0,0,0,0,0,0,
0,0,0,0,0,0,0,0,0,0,0,0,0,0,0,0,0,0,0,0,0,
0,0,0,0,0,0,0,0,0,0,0,0,0,0,0,0,0,0,0,0,0,
0,0,0,0,0,0,0,0,0,0,0,0,0,0,0,0,0,0,0,0,0
</data>
 </layer>
 <layer id="18" name="1014" width="21" height="30" visible="0">
  <data encoding="csv">
0,0,0,0,0,0,0,0,0,0,0,0,0,0,0,0,0,0,0,0,0,
0,0,0,0,0,0,0,0,0,0,0,0,0,0,0,0,0,0,0,0,0,
0,0,0,0,0,0,0,0,0,0,0,0,0,0,0,0,0,0,0,0,0,
0,0,0,0,0,21063,21063,21063,21063,21063,21063,21063,21063,21063,21063,0,0,0,0,0,0,
0,0,0,0,21063,0,0,0,0,0,0,0,0,0,21063,21063,21063,21063,0,0,0,
0,0,0,21063,0,0,0,0,0,0,0,0,0,0,0,0,0,21063,21063,0,0,
0,0,21063,0,0,0,0,0,0,0,0,0,0,0,0,0,0,0,0,0,0,
0,21063,0,0,0,0,0,0,0,0,0,0,0,0,0,0,0,0,21063,0,0,
0,21063,0,0,0,0,0,0,0,0,0,0,0,0,0,0,0,0,21063,0,0,
0,21063,0,0,0,0,0,0,0,0,0,0,0,0,0,0,0,0,21063,0,0,
0,21063,0,0,0,0,0,0,0,0,0,0,0,0,0,0,0,0,21063,21063,0,
0,21063,0,0,0,0,0,0,0,0,0,0,0,0,0,0,0,0,21063,21063,0,
0,21063,0,0,0,0,0,0,0,0,0,0,0,0,0,0,0,0,0,21063,0,
0,21063,0,0,0,0,0,0,0,0,0,0,0,0,0,0,0,0,21063,21063,0,
0,21063,0,0,0,0,0,0,0,0,0,0,0,0,0,0,0,0,0,21063,21063,
0,21063,0,0,0,0,0,0,0,0,0,0,0,0,0,0,0,0,21063,21063,0,
0,21063,0,0,0,0,0,0,0,0,0,0,0,0,0,0,0,0,21063,21063,0,
0,21063,0,0,0,0,0,0,0,0,0,0,0,0,0,0,0,0,21063,0,0,
0,21063,0,0,0,0,0,0,0,0,0,0,0,0,0,0,0,0,21063,21063,0,
0,21063,0,0,0,0,0,0,0,0,0,0,0,0,0,0,0,0,21063,21063,0,
0,21063,0,0,0,0,0,0,0,0,0,0,0,0,0,0,0,0,0,0,0,
0,21063,0,0,0,0,0,0,0,0,0,0,0,0,0,0,0,0,21063,0,0,
0,21063,21063,0,0,0,0,0,0,0,0,0,0,0,0,0,0,0,21063,0,0,
0,0,21063,21063,0,0,0,0,0,0,0,0,0,0,0,0,0,0,0,0,0,
0,0,0,21063,0,0,0,0,0,0,0,0,0,0,0,0,0,21063,21063,0,0,
0,0,0,0,0,0,0,0,0,0,0,0,0,0,0,0,0,0,0,0,0,
0,0,0,0,0,0,0,0,0,0,0,0,0,0,0,0,0,0,0,0,0,
0,0,0,0,0,0,0,0,0,0,0,0,0,0,0,0,0,0,0,0,0,
0,0,0,0,0,0,0,0,0,0,0,0,0,0,0,0,0,0,0,0,0,
0,0,0,0,0,0,0,0,0,0,0,0,0,0,0,0,0,0,0,0,0
</data>
 </layer>
 <layer id="19" name="1015" width="21" height="30" visible="0">
  <data encoding="csv">
0,0,0,0,0,0,0,0,0,0,0,0,0,0,0,0,0,0,0,0,0,
0,0,0,0,0,0,0,0,0,0,0,0,0,0,0,0,0,0,0,0,0,
0,0,0,0,0,0,0,0,0,0,0,0,0,0,0,0,0,0,0,0,0,
0,0,0,0,0,0,0,0,0,0,0,0,0,0,0,0,0,0,0,0,0,
0,0,0,0,0,0,0,0,0,0,0,0,0,0,0,0,0,0,0,0,0,
0,0,0,0,0,0,0,0,0,0,0,0,0,0,0,0,0,0,0,0,0,
0,0,0,0,0,0,0,0,0,0,0,0,0,0,0,0,0,0,0,0,0,
0,0,0,0,0,0,0,0,0,0,0,0,0,0,0,0,0,0,0,0,0,
0,0,0,0,0,0,0,0,0,0,0,0,0,0,0,0,0,0,0,0,0,
0,0,0,0,0,0,0,0,0,0,0,0,0,0,0,0,0,0,0,0,0,
0,21063,21063,0,0,0,0,0,0,0,0,0,0,0,0,0,0,0,21063,21063,0,
0,21063,21063,0,0,0,0,0,0,0,0,0,0,0,0,0,0,0,21063,21063,0,
0,21063,21063,0,0,0,0,0,0,0,0,0,0,0,0,0,0,0,21063,21063,0,
0,21063,21063,0,0,0,0,0,0,0,0,0,0,0,0,0,0,0,21063,21063,0,
0,21063,21063,0,0,0,0,0,0,0,0,0,0,0,0,0,0,0,21063,21063,0,
0,21063,21063,0,0,0,0,0,0,0,0,0,0,0,0,0,0,0,21063,21063,0,
0,21063,21063,0,0,0,0,0,0,0,0,0,0,0,0,0,0,0,21063,21063,0,
0,21063,21063,0,0,0,0,0,0,0,0,0,0,0,0,0,0,0,21063,21063,0,
0,21063,21063,0,0,0,0,0,0,0,0,0,0,0,0,0,0,0,21063,21063,0,
0,21063,21063,0,0,0,0,0,0,0,0,0,0,0,0,0,0,0,21063,21063,0,
0,21063,21063,0,0,0,0,0,0,0,0,0,0,0,0,0,0,0,21063,21063,0,
0,21063,21063,0,0,0,0,0,0,0,0,0,0,0,0,0,0,0,21063,21063,0,
0,21063,21063,0,0,0,0,0,0,0,0,0,0,0,0,0,0,0,21063,0,0,
0,21063,21063,21063,0,0,0,0,0,0,0,0,0,0,0,0,0,21063,0,0,0,
0,0,0,0,21063,21063,21063,21063,21063,21063,21063,21063,21063,21063,21063,21063,21063,21063,0,0,0,
0,0,0,0,0,21063,21063,21063,21063,21063,21063,21063,21063,21063,21063,21063,0,0,0,0,0,
0,0,0,0,0,0,0,0,0,0,0,0,0,0,0,0,0,0,0,0,0,
0,0,0,0,0,0,0,0,0,0,0,0,0,0,0,0,0,0,0,0,0,
0,0,0,0,0,0,0,0,0,0,0,0,0,0,0,0,0,0,0,0,0,
0,0,0,0,0,0,0,0,0,0,0,0,0,0,0,0,0,0,0,0,0
</data>
 </layer>
 <layer id="20" name="1016" width="21" height="30" visible="0">
  <data encoding="csv">
0,0,0,0,0,0,0,0,0,0,0,0,0,0,0,0,0,0,0,0,0,
0,0,0,0,0,0,0,0,0,0,0,0,0,0,0,0,0,0,0,0,0,
0,0,0,0,0,0,0,0,0,0,0,0,0,0,0,0,0,0,0,0,0,
0,0,0,0,0,0,0,0,0,0,0,0,0,0,0,0,0,0,0,0,0,
0,0,0,0,0,0,21063,21063,21063,21063,21063,21063,21063,21063,21063,21063,0,0,0,0,0,
0,0,0,0,0,0,21063,21063,21063,21063,21063,21063,21063,21063,21063,21063,21063,21063,0,0,0,
0,0,0,0,0,0,0,0,0,0,0,0,0,0,0,0,0,21063,21063,0,0,
0,0,0,0,0,0,0,0,0,0,0,0,0,0,0,0,0,0,21063,0,0,
0,0,0,0,0,0,0,0,0,0,0,0,0,0,0,0,0,0,21063,21063,0,
0,0,0,0,0,0,0,0,0,0,0,0,0,0,0,0,0,0,21063,21063,0,
0,0,0,0,0,0,0,0,0,0,0,0,0,0,0,0,0,0,21063,21063,0,
0,0,0,0,0,0,0,0,0,0,0,0,0,0,0,0,0,0,21063,21063,0,
0,0,0,0,0,0,0,0,0,0,0,0,0,0,0,0,0,0,21063,21063,0,
0,0,0,0,0,0,0,0,0,0,0,0,0,0,0,0,0,0,21063,21063,0,
0,0,0,0,0,0,0,0,0,0,0,0,0,0,0,0,0,0,21063,21063,0,
0,0,0,0,0,0,0,0,0,0,0,0,0,0,0,0,0,0,21063,21063,0,
0,0,0,0,0,0,0,0,0,0,0,0,0,0,0,0,0,0,21063,21063,0,
0,0,0,0,0,0,0,0,0,0,0,0,0,0,0,0,0,0,21063,21063,0,
0,0,0,0,0,0,0,0,0,0,0,0,0,0,0,0,0,0,21063,21063,0,
0,0,0,0,0,0,0,0,0,0,0,0,0,0,0,0,0,0,21063,21063,0,
0,0,0,0,0,0,0,0,0,0,0,0,0,0,0,0,0,0,21063,21063,0,
0,0,0,0,0,0,0,0,0,0,0,0,0,0,0,0,0,0,21063,21063,0,
0,0,0,0,0,0,0,0,0,0,0,0,0,0,0,0,0,0,21063,0,0,
0,0,0,0,0,0,0,0,0,0,0,0,0,0,0,0,0,21063,0,0,0,
0,0,0,0,0,0,21063,21063,21063,21063,21063,21063,21063,21063,21063,21063,21063,21063,0,0,0,
0,0,0,0,0,0,21063,21063,21063,21063,21063,21063,21063,21063,21063,21063,0,0,0,0,0,
0,0,0,0,0,0,0,0,0,0,0,0,0,0,0,0,0,0,0,0,0,
0,0,0,0,0,0,0,0,0,0,0,0,0,0,0,0,0,0,0,0,0,
0,0,0,0,0,0,0,0,0,0,0,0,0,0,0,0,0,0,0,0,0,
0,0,0,0,0,0,0,0,0,0,0,0,0,0,0,0,0,0,0,0,0
</data>
 </layer>
 <layer id="21" name="1017" width="21" height="30" visible="0">
  <data encoding="csv">
0,0,0,0,0,0,0,0,0,0,0,0,0,0,0,0,0,0,0,0,0,
0,0,0,0,0,0,0,0,0,0,0,0,0,0,0,0,0,0,0,0,0,
0,0,0,0,0,0,0,0,0,0,0,0,0,0,0,0,0,0,0,0,0,
0,0,0,0,0,0,0,0,0,0,0,0,0,0,0,0,0,0,0,0,0,
0,0,0,0,0,21063,21063,21063,21063,21063,21063,21063,21063,21063,21063,21063,0,0,0,0,0,
0,0,0,21063,21063,21063,21063,21063,21063,21063,21063,21063,21063,21063,21063,21063,21063,21063,0,0,0,
0,0,21063,0,0,0,0,0,0,0,0,0,0,0,0,0,0,21063,21063,0,0,
0,21063,21063,0,0,0,0,0,0,0,0,0,0,0,0,0,0,0,21063,0,0,
0,21063,21063,0,0,0,0,0,0,0,0,0,0,0,0,0,0,0,21063,21063,0,
0,21063,21063,0,0,0,0,0,0,0,0,0,0,0,0,0,0,0,21063,21063,0,
0,21063,21063,0,0,0,0,0,0,0,0,0,0,0,0,0,0,0,21063,21063,0,
0,21063,21063,0,0,0,0,0,0,0,0,0,0,0,0,0,0,0,21063,21063,0,
0,21063,21063,0,0,0,0,0,0,0,0,0,0,0,0,0,0,0,21063,21063,0,
0,21063,21063,0,0,0,0,0,0,0,0,0,0,0,0,0,0,0,21063,21063,0,
0,21063,21063,0,0,0,0,0,0,0,0,0,0,0,0,0,0,0,21063,21063,0,
0,21063,21063,0,0,0,0,0,0,0,0,0,0,0,0,0,0,0,21063,21063,0,
0,21063,21063,0,0,0,0,0,0,0,0,0,0,0,0,0,0,0,21063,21063,0,
0,21063,21063,0,0,0,0,0,0,0,0,0,0,0,0,0,0,0,21063,21063,0,
0,21063,21063,0,0,0,0,0,0,0,0,0,0,0,0,0,0,0,21063,21063,0,
0,21063,21063,0,0,0,0,0,0,0,0,0,0,0,0,0,0,0,21063,21063,0,
0,21063,21063,0,0,0,0,0,0,0,0,0,0,0,0,0,0,0,21063,21063,0,
0,21063,21063,0,0,0,0,0,0,0,0,0,0,0,0,0,0,0,21063,21063,0,
0,21063,21063,0,0,0,0,0,0,0,0,0,0,0,0,0,0,0,21063,0,0,
0,21063,21063,21063,0,0,0,0,0,0,0,0,0,0,0,0,0,21063,0,0,0,
0,0,0,0,21063,21063,21063,21063,21063,21063,21063,21063,21063,21063,21063,21063,21063,21063,0,0,0,
0,0,0,0,0,21063,21063,21063,21063,21063,21063,21063,21063,21063,21063,21063,0,0,0,0,0,
0,0,0,0,0,0,0,0,0,0,0,0,0,0,0,0,0,0,0,0,0,
0,0,0,0,0,0,0,0,0,0,0,0,0,0,0,0,0,0,0,0,0,
0,0,0,0,0,0,0,0,0,0,0,0,0,0,0,0,0,0,0,0,0,
0,0,0,0,0,0,0,0,0,0,0,0,0,0,0,0,0,0,0,0,0
</data>
 </layer>
 <layer id="8" name="B1005" width="21" height="30" visible="0">
  <data encoding="csv">
0,0,0,0,0,0,0,0,0,0,0,0,0,0,0,0,0,0,0,0,0,
0,0,0,0,0,0,0,0,0,21057,21057,21057,0,0,0,0,0,0,0,0,0,
0,0,0,0,0,0,0,0,0,0,0,0,0,0,0,0,0,0,0,0,0,
0,0,0,0,0,0,0,0,0,0,0,0,0,0,0,0,0,0,0,0,0,
0,0,0,0,0,0,0,0,0,0,0,0,0,0,0,0,0,0,0,0,0,
0,0,0,0,0,0,0,0,0,0,0,0,0,0,0,0,0,0,0,0,0,
0,0,0,0,0,0,0,0,0,0,0,0,0,0,0,0,0,0,0,0,0,
0,0,0,0,0,0,0,0,0,0,0,0,0,0,0,0,0,0,0,0,0,
0,0,0,0,0,0,0,0,0,0,0,0,0,0,0,0,0,0,0,0,0,
0,0,0,0,0,0,0,0,0,0,0,0,0,0,0,0,0,0,0,0,0,
0,0,0,0,0,0,0,0,0,0,0,0,0,0,0,0,0,0,0,0,0,
0,0,0,0,0,0,0,0,0,0,0,0,0,0,0,0,0,0,0,0,0,
0,0,0,0,0,0,0,0,0,0,0,0,0,0,0,0,0,0,0,0,0,
0,0,0,0,0,0,0,0,0,0,0,0,0,0,0,0,0,0,0,0,0,
0,0,0,0,0,0,0,0,0,0,0,0,0,0,0,0,0,0,0,0,0,
0,0,0,0,0,0,0,0,0,0,0,0,0,0,0,0,0,0,0,0,0,
0,0,0,0,0,0,0,0,0,0,0,0,0,0,0,0,0,0,0,0,0,
0,0,0,0,0,0,0,0,0,0,0,0,0,0,0,0,0,0,0,0,0,
0,0,0,0,0,0,0,0,0,0,0,0,0,0,0,0,0,0,0,0,0,
0,0,0,0,0,0,0,0,0,0,0,0,0,0,0,0,0,0,0,0,0,
0,0,0,0,0,0,0,0,0,0,0,0,0,0,0,0,0,0,0,0,0,
0,0,0,0,0,0,0,0,0,0,0,0,0,0,0,0,0,0,0,0,0,
0,0,0,0,0,0,0,0,0,0,0,0,0,0,0,0,0,0,0,0,0,
0,0,0,0,0,0,0,0,0,0,0,0,0,0,0,0,0,0,0,0,0,
0,0,0,0,0,0,0,0,0,0,0,0,0,0,0,0,0,0,0,0,0,
0,0,0,0,0,0,0,0,0,0,0,0,0,0,0,0,0,0,0,0,0,
0,0,0,0,0,0,0,0,0,0,0,0,0,0,0,0,0,0,0,0,0,
0,0,0,0,0,0,0,0,0,0,0,0,0,0,0,0,0,0,0,0,0,
0,0,0,0,0,0,0,0,0,21057,21057,21057,0,0,0,0,0,0,0,0,0,
0,0,0,0,0,0,0,0,0,0,0,0,0,0,0,0,0,0,0,0,0
</data>
 </layer>
</map>
