<?xml version="1.0" encoding="UTF-8"?>
<map version="1.9" tiledversion="1.9.1" orientation="orthogonal" renderorder="right-down" width="11" height="21" tilewidth="100" tileheight="100" infinite="0" nextlayerid="74" nextobjectid="1">
 <tileset firstgid="1" source="../../map_monster.tsx"/>
 <tileset firstgid="10001" source="../../map_boss.tsx"/>
 <tileset firstgid="20001" source="../../map_good.tsx"/>
 <layer id="1" name="layer1" width="11" height="21">
  <data encoding="csv">
0,0,0,0,0,0,0,0,0,0,0,
0,0,0,0,0,0,0,0,0,0,0,
0,3226,0,0,21015,0,21013,0,0,3226,0,
0,0,0,0,21005,0,21005,0,0,0,0,
0,0,0,0,21005,0,21005,0,0,0,0,
0,0,0,3221,21005,0,21005,3221,0,0,0,
0,0,0,0,21005,0,21005,0,0,0,0,
0,0,0,0,21005,0,21005,0,0,0,0,
0,0,0,0,0,0,0,0,0,0,0,
0,0,0,0,0,0,0,0,0,0,0,
0,0,0,21005,21005,3150,21005,21005,0,0,0,
0,0,3079,0,0,0,0,0,3079,0,0,
0,0,0,0,0,0,0,0,0,0,0,
0,0,0,0,0,0,0,0,0,0,0,
0,0,0,0,0,0,0,0,0,0,0,
0,0,21005,0,0,0,0,0,21005,0,0,
0,0,21005,0,0,0,0,0,21005,0,0,
0,0,21005,0,0,0,0,0,21005,0,0,
0,0,21005,0,0,0,0,0,21005,0,0,
0,0,21005,0,0,0,0,0,21005,0,0,
3209,0,21005,0,0,0,0,0,21005,0,3209
</data>
 </layer>
</map>
