<?xml version="1.0" encoding="UTF-8"?>
<map version="1.10" tiledversion="1.10.1" orientation="orthogonal" renderorder="right-down" width="11" height="21" tilewidth="100" tileheight="100" infinite="0" nextlayerid="62" nextobjectid="1">
 <tileset firstgid="1" source="../../map_monster.tsx"/>
 <tileset firstgid="10001" source="../../map_boss.tsx"/>
 <tileset firstgid="20001" source="../../map_good.tsx"/>
 <layer id="1" name="layer1" width="11" height="21">
  <data encoding="csv">
0,0,0,0,0,0,0,0,0,3135,21007,
0,0,0,0,0,0,0,0,3135,21007,21007,
0,0,0,0,0,0,0,3135,21007,21007,21007,
0,0,0,0,0,0,0,21007,21007,21007,21007,
0,0,0,0,0,0,0,0,0,0,0,
0,0,0,0,0,0,0,0,0,0,0,
21007,21007,21007,21007,0,0,0,0,0,0,0,
21007,21007,21007,0,0,0,0,0,0,0,0,
21007,21007,3179,0,0,0,0,0,0,0,0,
21007,0,0,0,0,0,0,0,0,0,0,
0,0,0,0,0,3220,0,0,0,0,0,
0,0,0,0,0,0,0,0,0,0,21007,
0,0,0,0,0,0,0,0,3179,21007,21007,
0,0,0,0,0,0,0,0,21007,21007,21007,
0,0,0,0,0,0,0,21007,21007,21007,21007,
0,0,0,0,0,0,0,0,0,0,0,
0,0,0,0,0,0,0,0,0,0,0,
21007,21007,21007,21007,0,0,0,0,0,0,0,
21007,21007,21007,3135,0,0,0,0,0,0,0,
21007,21007,3135,0,0,0,0,0,0,0,0,
21007,3135,0,0,0,0,0,0,0,0,0
</data>
 </layer>
</map>
