<?xml version="1.0" encoding="UTF-8"?>
<map version="1.9" tiledversion="1.9.1" orientation="orthogonal" renderorder="right-down" width="11" height="21" tilewidth="100" tileheight="100" infinite="0" nextlayerid="62" nextobjectid="1">
 <tileset firstgid="1" source="../../map_monster.tsx"/>
 <tileset firstgid="10001" source="../../map_boss.tsx"/>
 <tileset firstgid="20001" source="../../map_good.tsx"/>
 <layer id="1" name="layer1" width="11" height="21">
  <data encoding="csv">
21007,0,0,0,0,0,0,0,0,0,21007,
0,0,0,0,0,0,0,0,0,0,0,
0,0,0,0,0,0,0,0,0,0,0,
0,0,21014,3096,0,0,0,3096,0,0,0,
0,0,0,0,0,0,0,0,0,21005,0,
0,0,0,0,0,0,0,0,0,0,0,
0,0,0,0,0,0,0,0,0,0,0,
3221,0,0,0,21005,21005,21005,0,0,0,3221,
0,0,0,0,0,0,0,0,0,0,0,
0,0,0,0,0,0,0,0,0,0,0,
0,0,0,3205,0,3211,0,3205,0,0,0,
0,0,0,0,0,0,0,0,0,0,0,
0,0,0,0,21005,21005,21005,0,0,0,0,
0,0,0,0,0,0,0,0,0,0,0,
0,0,3210,0,0,0,0,0,3210,0,0,
0,0,0,0,0,0,0,0,0,0,0,
0,21005,0,0,0,0,0,0,0,0,0,
0,0,0,0,0,0,0,0,21012,0,0,
0,0,0,0,0,0,0,0,0,0,0,
0,0,0,0,0,0,0,0,0,0,0,
21007,0,0,0,0,0,0,0,0,0,21007
</data>
 </layer>
</map>
