<?xml version="1.0" encoding="UTF-8"?>
<map version="1.4" tiledversion="1.4.2" orientation="orthogonal" renderorder="right-down" width="11" height="21" tilewidth="100" tileheight="100" infinite="0" nextlayerid="62" nextobjectid="1">
 <tileset firstgid="1" source="../../map_monster.tsx"/>
 <tileset firstgid="10001" source="../../map_boss.tsx"/>
 <tileset firstgid="20001" source="../../map_good.tsx"/>
 <layer id="1" name="layer1" width="11" height="21">
  <data encoding="csv">
0,3057,0,0,0,0,0,0,0,3057,0,
0,0,0,0,0,0,0,0,0,0,0,
0,0,0,0,0,0,0,0,0,0,0,
0,3077,0,0,0,22004,0,0,0,3077,0,
0,0,0,0,0,22010,0,0,0,0,0,
0,0,0,0,0,22010,0,0,0,0,0,
0,22008,22011,22011,22011,22016,22011,22011,22011,22009,0,
0,0,0,0,0,22010,0,0,0,0,0,
0,0,0,3085,0,22010,0,3085,0,0,0,
0,0,0,0,0,22010,0,0,0,0,0,
0,22007,22011,22011,22011,22016,22011,22011,22011,22006,0,
0,0,0,0,0,22010,0,0,0,0,0,
0,0,0,3090,0,22010,0,3090,0,0,0,
0,0,0,0,0,22010,0,0,0,0,0,
0,22008,22011,22011,22011,22016,22011,22011,22011,22009,0,
0,0,0,0,0,22010,0,0,0,0,0,
0,0,0,0,0,22010,0,0,0,0,0,
0,0,0,0,0,22005,0,0,0,0,0,
0,0,0,0,0,0,0,0,0,0,0,
0,0,0,0,0,0,0,0,0,0,0,
3086,0,0,0,0,0,0,0,0,0,3086
</data>
 </layer>
</map>
