<?xml version="1.0" encoding="UTF-8"?>
<map version="1.9" tiledversion="1.9.1" orientation="orthogonal" renderorder="right-down" width="11" height="21" tilewidth="100" tileheight="100" infinite="0" nextlayerid="74" nextobjectid="1">
 <tileset firstgid="1" source="../../map_monster.tsx"/>
 <tileset firstgid="10001" source="../../map_boss.tsx"/>
 <tileset firstgid="20001" source="../../map_good.tsx"/>
 <layer id="1" name="layer1" width="11" height="21">
  <data encoding="csv">
0,0,0,0,0,0,0,0,0,0,0,
0,0,3226,0,0,0,0,0,3226,0,0,
0,0,0,0,0,0,0,0,0,0,0,
0,0,0,0,0,22003,0,0,0,0,0,
0,0,0,0,0,22010,0,0,0,0,0,
22007,22011,22011,22011,22011,22016,22011,22011,22011,22011,22006,
0,0,0,0,0,22010,0,0,0,0,0,
0,3086,0,0,0,22010,0,0,0,3086,0,
0,0,0,0,0,22010,0,0,0,0,0,
0,0,0,0,0,22010,3046,0,0,0,0,
22008,22011,22011,22011,22011,22016,22011,22011,22011,22011,22009,
0,0,3205,0,0,22010,0,0,3205,0,0,
0,0,0,0,0,22010,0,0,0,0,0,
0,0,0,0,0,22010,0,0,21077,0,0,
0,0,0,0,3067,22010,3067,0,0,0,0,
22007,22011,22011,22011,22011,22016,22011,22011,22011,22011,22006,
0,0,0,0,0,22010,0,0,0,0,0,
0,0,0,0,0,22002,0,0,0,0,0,
0,0,0,0,0,0,0,0,0,0,0,
0,0,0,0,0,0,0,0,0,0,0,
0,0,0,0,0,0,0,0,0,0,0
</data>
 </layer>
</map>
