<?xml version="1.0" encoding="UTF-8"?>
<map version="1.9" tiledversion="1.9.1" orientation="orthogonal" renderorder="right-down" width="11" height="21" tilewidth="100" tileheight="100" infinite="0" nextlayerid="62" nextobjectid="1">
 <tileset firstgid="1" source="../../map_monster.tsx"/>
 <tileset firstgid="10001" source="../../map_boss.tsx"/>
 <tileset firstgid="20001" source="../../map_good.tsx"/>
 <layer id="1" name="layer1" width="11" height="21">
  <data encoding="csv">
21005,0,0,0,0,0,0,0,0,0,21005,
0,21005,0,0,0,0,0,0,0,21005,0,
0,0,0,0,0,0,0,0,0,0,0,
0,0,0,3194,0,0,0,3194,0,0,0,
0,0,0,0,0,21005,0,0,0,0,0,
0,0,0,0,21005,21005,21005,0,0,0,0,
0,0,0,0,0,21005,0,0,0,0,0,
0,0,0,0,0,0,0,0,0,0,0,
0,0,0,21005,0,0,0,21005,0,0,0,
0,0,0,0,0,3205,0,0,0,0,0,
0,3176,0,0,0,0,0,0,0,3176,0,
0,0,0,0,0,0,0,0,0,0,0,
0,0,0,21005,0,0,0,21005,0,0,0,
0,0,0,0,0,0,0,0,0,0,0,
0,0,3149,0,0,0,0,0,3149,0,0,
0,0,0,0,0,0,0,0,0,0,0,
0,0,0,0,0,0,0,0,0,0,0,
0,0,0,0,0,0,0,0,0,0,0,
0,0,0,0,0,0,0,0,0,0,0,
3085,21005,0,0,0,0,0,0,0,21005,3085,
21005,0,0,0,0,0,0,0,0,0,21005
</data>
 </layer>
</map>
