<?xml version="1.0" encoding="UTF-8"?>
<map version="1.9" tiledversion="1.9.1" orientation="orthogonal" renderorder="right-down" width="11" height="21" tilewidth="100" tileheight="100" infinite="0" nextlayerid="74" nextobjectid="1">
 <tileset firstgid="1" source="../../map_monster.tsx"/>
 <tileset firstgid="10001" source="../../map_boss.tsx"/>
 <tileset firstgid="20001" source="../../map_good.tsx"/>
 <layer id="1" name="layer1" width="11" height="21">
  <data encoding="csv">
21007,21007,21007,21007,0,0,0,21007,21007,21007,21007,
21007,21007,21007,21007,0,0,0,21007,21007,21007,21007,
0,0,0,0,0,0,0,0,0,0,0,
0,3226,0,0,0,0,0,0,0,3226,0,
0,0,0,0,0,0,0,0,0,0,0,
0,0,0,0,0,0,0,0,0,0,0,
0,0,0,0,0,0,0,0,0,0,0,
0,0,0,3092,0,0,0,3092,0,0,0,
0,21007,21007,21007,0,0,0,21007,21007,21007,0,
0,21022,21022,0,0,0,0,0,21022,21022,0,
0,0,0,0,0,3050,0,0,0,0,0,
0,0,0,0,0,0,0,0,0,0,0,
0,0,0,0,0,0,0,0,0,0,0,
0,0,0,3091,0,0,0,3091,0,0,0,
0,0,0,0,0,0,0,0,0,0,0,
0,0,0,0,0,0,0,0,0,0,0,
0,0,0,0,0,0,0,0,0,0,0,
21002,3135,0,0,0,0,0,0,0,3135,21002,
21002,21002,0,0,0,0,0,0,0,21002,21002,
21002,21002,21002,0,0,0,0,0,21002,21002,21002,
21002,21002,21002,21002,0,0,0,21002,21002,21002,21002
</data>
 </layer>
</map>
