<?xml version="1.0" encoding="UTF-8"?>
<map version="1.9" tiledversion="1.9.1" orientation="orthogonal" renderorder="right-down" width="11" height="21" tilewidth="100" tileheight="100" infinite="0" nextlayerid="74" nextobjectid="1">
 <tileset firstgid="1" source="../../map_monster.tsx"/>
 <tileset firstgid="10001" source="../../map_boss.tsx"/>
 <tileset firstgid="20001" source="../../map_good.tsx"/>
 <layer id="1" name="layer1" width="11" height="21">
  <data encoding="csv">
21005,21005,0,0,0,0,0,0,0,21005,21005,
21005,21005,0,3039,0,0,0,3039,0,21005,21005,
21005,21005,0,0,0,0,0,0,0,21005,21005,
21005,21005,0,0,0,0,0,0,0,21005,21005,
21005,21005,3027,0,0,0,0,0,3027,21005,21005,
21005,21005,0,0,0,0,0,0,0,21005,21005,
21005,21007,21007,21007,0,0,0,21007,21007,21007,21005,
21005,0,0,0,0,0,0,0,0,0,21005,
21005,0,0,0,0,0,0,0,0,0,21005,
21005,0,0,3221,0,0,0,3221,0,0,21005,
21005,0,0,0,0,0,0,0,0,0,21005,
21005,0,0,0,0,0,0,0,0,0,21005,
21005,3204,0,0,0,0,0,0,0,3204,21005,
21005,21007,21007,21007,0,0,0,21007,21007,21007,21005,
21005,21005,0,0,0,3210,0,0,0,21005,21005,
21005,21005,0,0,0,0,0,0,0,21005,21005,
21005,21005,0,0,0,0,0,0,0,21005,21005,
21005,21005,0,0,0,0,0,0,0,21005,21005,
21005,21005,0,0,0,0,0,0,0,21005,21005,
21005,21005,0,0,0,0,0,0,0,21005,21005,
21005,21005,0,0,0,0,0,0,0,21005,21005
</data>
 </layer>
</map>
