<?xml version="1.0" encoding="UTF-8"?>
<map version="1.9" tiledversion="1.9.1" orientation="orthogonal" renderorder="right-down" width="11" height="21" tilewidth="100" tileheight="100" infinite="0" nextlayerid="62" nextobjectid="1">
 <tileset firstgid="1" source="../../map_monster.tsx"/>
 <tileset firstgid="10001" source="../../map_boss.tsx"/>
 <tileset firstgid="20001" source="../../map_good.tsx"/>
 <layer id="1" name="layer1" width="11" height="21">
  <data encoding="csv">
0,21002,0,0,0,0,0,0,0,21002,0,
0,21002,0,0,0,0,0,0,0,21002,0,
0,21002,0,0,0,0,0,0,0,21002,0,
0,3094,0,0,0,0,0,0,0,3094,0,
0,0,0,0,0,0,0,0,0,0,0,
0,0,0,0,0,3195,0,0,0,0,0,
0,0,0,0,0,0,0,0,0,0,0,
0,0,0,0,0,0,0,0,0,0,0,
21005,21005,21005,0,0,3053,0,0,21005,21005,21005,
21014,0,0,0,0,0,0,0,0,0,21014,
0,0,0,0,0,0,0,0,0,0,0,
0,0,3079,0,0,0,0,0,3079,0,0,
0,0,0,0,21005,21005,21005,0,0,0,0,
0,0,0,0,0,0,0,0,0,0,0,
0,0,0,0,0,3195,0,0,0,0,0,
0,0,0,0,0,0,0,0,0,0,0,
0,0,0,0,0,0,0,0,0,0,0,
0,0,0,0,0,0,0,0,0,0,0,
3056,0,0,0,0,0,0,0,0,0,3056,
21002,0,21012,0,0,0,0,0,21012,0,21002,
21002,21002,21002,0,0,0,0,0,21002,21002,21002
</data>
 </layer>
</map>
