<?xml version="1.0" encoding="UTF-8"?>
<map version="1.9" tiledversion="1.9.1" orientation="orthogonal" renderorder="right-down" width="11" height="21" tilewidth="100" tileheight="100" infinite="0" nextlayerid="74" nextobjectid="1">
 <tileset firstgid="1" source="../../map_monster.tsx"/>
 <tileset firstgid="10001" source="../../map_boss.tsx"/>
 <tileset firstgid="20001" source="../../map_good.tsx"/>
 <layer id="1" name="layer1" width="11" height="21">
  <data encoding="csv">
0,3093,0,0,0,0,0,0,0,3093,0,
0,0,0,0,0,0,0,0,0,0,0,
0,0,0,0,0,0,0,0,0,0,0,
0,0,0,0,0,0,0,0,0,0,0,
0,0,21012,0,0,0,0,0,21012,0,0,
0,0,21007,0,0,0,0,0,21007,0,0,
0,0,21007,0,0,0,0,0,21007,0,0,
0,0,21007,0,0,0,0,0,21007,0,0,
0,0,21007,0,0,0,0,0,21007,0,0,
0,3066,21002,0,0,0,0,0,21002,3066,0,
0,0,21002,0,0,3053,0,0,21002,0,0,
0,0,21002,0,0,0,0,0,21002,0,0,
0,0,21007,0,0,0,0,0,21007,0,0,
0,0,21007,3041,0,0,0,3041,21007,0,0,
0,0,21007,0,0,0,0,0,21007,0,0,
0,0,21007,0,0,0,0,0,21007,0,0,
0,0,21014,0,0,0,0,0,21014,0,0,
0,0,0,0,0,0,0,0,0,0,0,
0,0,0,0,0,0,0,0,0,0,0,
0,0,0,0,0,0,0,0,0,0,0,
3040,0,0,0,0,0,0,0,0,0,3040
</data>
 </layer>
</map>
