<?xml version="1.0" encoding="UTF-8"?>
<map version="1.4" tiledversion="1.4.1" orientation="orthogonal" renderorder="right-down" width="11" height="15" tilewidth="100" tileheight="100" infinite="0" nextlayerid="1" nextobjectid="1">
 <tileset firstgid="1" source="../../map_monster.tsx"/>
 <tileset firstgid="10001" source="../../map_boss.tsx"/>
 <tileset firstgid="20001" source="../../map_good.tsx"/>
 <layer id="1" name="layer1" width="11" height="15">
  <data encoding="csv">
0,0,0,0,0,0,0,0,0,0,0,
0,0,0,0,0,0,0,0,0,0,0,
22004,22003,0,0,0,0,0,0,0,22004,22003,
22010,22010,0,0,0,0,0,0,0,22010,22010,
22010,22010,0,3052,0,0,0,0,3119,22010,22010,
22010,22010,0,0,0,0,0,0,0,22010,22010,
22010,22010,0,0,0,0,0,0,0,22010,22010,
22010,22010,21002,21007,21002,21005,21002,21007,21002,22010,22010,
22010,22010,0,0,0,0,0,0,0,22010,22010,
22010,22010,0,0,0,0,0,0,0,22010,22010,
22010,22010,3119,0,0,0,0,3052,0,22010,22010,
22010,22010,0,0,0,0,0,0,0,22010,22010,
22005,22002,0,0,0,0,0,0,0,22005,22002,
0,0,0,0,0,0,0,0,0,0,0,
0,0,0,0,0,0,0,0,0,0,0
</data>
 </layer>
</map>
