<?xml version="1.0" encoding="UTF-8"?>
<map version="1.4" tiledversion="1.4.1" orientation="orthogonal" renderorder="right-down" width="11" height="15" tilewidth="100" tileheight="100" infinite="0" nextlayerid="18" nextobjectid="1">
 <tileset firstgid="1" source="../../map_monster.tsx"/>
 <tileset firstgid="10001" source="../../map_boss.tsx"/>
 <tileset firstgid="20001" source="../../map_good.tsx"/>
 <layer id="5" name="layer1" width="11" height="15" visible="0">
  <data encoding="csv">
21002,0,0,0,0,0,0,0,0,0,21002,
3040,0,0,0,0,0,0,0,0,0,3040,
0,0,0,0,0,0,0,0,0,0,0,
21005,21005,0,0,0,0,0,0,0,0,0,
0,21005,0,0,0,15090,0,0,0,21005,21005,
21005,21005,0,0,0,21005,0,0,0,21005,0,
0,0,0,0,0,21005,0,0,0,21005,21005,
0,0,0,0,0,0,0,0,0,0,0,
0,0,0,0,0,0,0,0,0,0,0,
0,0,0,0,0,0,0,0,0,0,0,
0,0,0,0,0,0,0,0,0,0,0,
0,0,0,21005,0,0,0,21005,0,0,0,
0,0,0,21005,0,0,0,21005,0,0,0,
0,0,0,21005,0,0,0,21005,0,0,0,
3052,0,0,21005,0,0,0,21005,0,0,3052
</data>
 </layer>
 <layer id="10" name="layer2" width="11" height="15" visible="0">
  <data encoding="csv">
21005,21005,21005,21005,0,0,0,21005,21005,21005,21005,
21005,21005,21005,0,0,0,0,0,21005,21005,21005,
21005,21005,0,3055,0,0,0,3055,0,21005,21005,
21005,0,0,0,0,15090,0,0,0,0,21005,
0,0,0,0,0,0,0,0,0,0,0,
0,0,0,0,0,0,0,0,0,0,0,
3053,0,0,0,0,0,0,0,0,0,3053,
0,0,0,0,0,0,0,0,0,0,0,
0,0,0,0,0,0,0,0,0,0,0,
0,0,0,0,0,0,0,0,0,0,0,
0,0,0,0,0,0,0,0,0,0,0,
21005,0,0,0,0,0,0,0,0,0,21005,
21005,21005,0,0,0,0,0,0,0,21005,21005,
21005,21005,21005,0,0,0,0,0,21005,21005,21005,
21005,21005,21005,21005,0,0,0,21005,21005,21005,21005
</data>
 </layer>
 <layer id="11" name="layer3" width="11" height="15" visible="0">
  <data encoding="csv">
21002,21002,0,0,0,0,0,0,0,21002,21002,
21002,0,0,0,0,3052,0,0,0,0,21002,
0,0,0,0,0,0,0,0,0,0,0,
0,0,0,21005,0,0,0,0,0,0,0,
0,0,21005,0,0,0,0,0,0,0,21005,
0,0,3193,0,0,0,0,0,3193,0,0,
0,0,0,0,0,15090,0,0,0,0,0,
0,0,0,0,0,0,0,0,0,0,0,
0,0,0,0,0,0,21005,0,0,0,0,
0,0,0,0,0,0,0,0,0,0,0,
3052,21005,0,0,0,0,0,0,0,0,3052,
0,0,0,0,0,0,0,0,0,21005,0,
0,0,0,0,0,0,0,0,0,0,0,
21002,0,0,0,0,0,0,0,0,0,21002,
21002,21002,0,0,0,0,0,0,0,21002,21002
</data>
 </layer>
 <layer id="12" name="layer4" width="11" height="15" visible="0">
  <data encoding="csv">
0,0,0,0,0,0,0,0,0,0,0,
0,21005,0,0,0,0,0,0,0,0,0,
0,21005,0,0,0,0,0,0,0,0,0,
0,21005,0,0,0,0,0,0,0,0,0,
0,3216,0,0,0,0,0,0,0,0,0,
0,0,0,0,0,0,0,0,0,21005,21005,
0,0,0,0,0,15090,0,0,0,21005,21005,
0,0,0,0,0,0,0,0,0,21005,21005,
0,0,0,0,0,0,0,0,0,0,0,
0,0,0,0,0,0,0,0,0,0,0,
0,21005,21005,0,0,0,0,0,0,3216,0,
0,21005,21005,0,0,0,0,0,0,0,0,
0,0,0,0,0,0,0,21005,0,0,0,
0,0,0,0,0,0,0,21005,0,0,0,
3040,0,0,0,0,0,0,21005,0,0,3040
</data>
 </layer>
 <layer id="13" name="layer5" width="11" height="15">
  <data encoding="csv">
0,0,0,0,0,0,0,0,0,0,0,
0,0,21005,0,0,0,0,0,21005,0,0,
0,0,0,0,0,0,0,0,0,0,0,
0,0,0,0,0,0,0,0,0,0,0,
21005,21005,0,0,0,0,0,0,21005,21005,0,
0,21005,0,0,0,0,0,0,3216,21005,0,
0,0,0,0,0,15090,0,0,0,0,0,
0,0,0,0,0,0,0,0,0,0,0,
0,21005,3216,0,0,0,0,0,0,21005,0,
0,21005,21005,3040,0,0,0,0,3040,21005,21005,
0,0,0,0,0,0,0,0,0,0,0,
0,0,0,0,0,0,0,0,0,0,0,
0,0,0,0,0,0,0,0,0,0,0,
0,0,21005,0,0,0,0,0,21005,0,0,
0,0,0,0,0,0,0,0,0,0,0
</data>
 </layer>
</map>
