<?xml version="1.0" encoding="UTF-8"?>
<map version="1.4" tiledversion="1.4.1" orientation="orthogonal" renderorder="right-down" width="11" height="21" tilewidth="100" tileheight="100" infinite="0" nextlayerid="18" nextobjectid="1">
 <tileset firstgid="1" source="../../map_monster.tsx"/>
 <tileset firstgid="10001" source="../../map_boss.tsx"/>
 <tileset firstgid="20001" source="../../map_good.tsx"/>
 <layer id="1" name="layer1" width="11" height="21" visible="0">
  <data encoding="csv">
0,0,0,0,0,0,0,0,0,0,0,
0,0,0,0,0,0,0,0,0,0,0,
0,0,0,0,0,21005,0,0,0,0,0,
0,0,0,0,0,0,0,0,0,0,0,
0,0,0,21005,0,3197,0,21005,0,0,0,
0,0,0,0,0,0,0,0,0,0,0,
0,0,15093,0,0,0,0,0,15093,0,0,
0,0,0,0,0,0,0,0,0,0,0,
0,0,0,0,0,21005,0,0,0,0,0,
0,0,0,3055,0,0,0,0,3055,0,0,
0,0,0,0,0,0,0,0,0,0,0,
0,0,21005,0,0,0,0,0,21005,3175,0,
0,0,21005,0,0,0,0,0,21005,0,0,
0,0,21005,21005,21005,21005,21005,21005,21005,0,0,
0,0,0,0,0,0,0,0,0,0,0,
0,0,3197,0,0,0,0,0,0,0,0,
0,0,0,0,0,0,0,0,0,0,0,
0,0,0,0,0,21005,0,0,0,0,0,
0,0,0,0,0,0,0,0,0,0,0,
0,0,0,0,0,0,0,0,0,0,0,
0,0,0,0,0,0,0,0,0,0,0
</data>
 </layer>
 <layer id="1" name="layer2" width="11" height="21" visible="0">
  <data encoding="csv">
0,0,0,0,0,0,0,21007,21007,21007,21007,
0,0,0,0,0,0,0,0,21007,21007,21007,
0,0,0,0,0,15093,0,0,0,21007,21007,
0,0,0,0,0,0,0,0,0,0,21007,
3128,0,0,0,0,21005,0,0,0,0,0,
0,0,0,0,0,21005,0,0,3171,0,0,
0,0,0,0,0,21005,0,0,0,0,0,
0,0,0,0,0,0,0,0,0,0,0,
0,0,0,0,0,0,0,0,0,0,0,
0,0,0,0,0,15093,0,0,0,0,0,
0,21005,21005,21005,0,0,0,21005,21005,21005,0,
0,0,0,0,0,3149,0,0,0,0,0,
0,0,0,0,0,0,0,0,0,0,0,
0,0,0,0,0,0,0,0,0,0,0,
0,0,0,0,0,21005,0,0,0,0,0,
0,3149,0,0,0,21005,0,0,0,0,3128,
0,0,0,0,0,21005,0,0,0,0,0,
21007,0,0,0,0,0,0,0,0,0,0,
21007,21007,0,0,0,0,0,0,0,0,0,
21007,21007,21007,0,0,0,0,0,0,0,0,
21007,21007,21007,21007,0,0,0,0,0,0,0
</data>
 </layer>
 <layer id="2" name="layer3" width="11" height="21" visible="0">
  <data encoding="csv">
0,0,21005,0,0,0,0,0,21005,0,0,
0,21005,0,0,0,0,0,0,0,21005,0,
21005,0,0,0,0,0,0,0,0,0,21005,
0,0,3136,0,0,22004,0,0,0,0,0,
0,0,0,0,0,22010,0,0,15093,0,0,
0,0,0,3097,0,22010,0,0,0,0,0,
0,0,0,0,0,22010,0,0,0,0,0,
0,22008,22011,22011,22011,22016,22011,22011,22011,22009,0,
0,0,0,0,0,22010,0,0,0,0,0,
0,0,0,0,0,22010,0,0,0,0,0,
0,0,15093,0,0,22010,0,0,3097,0,0,
0,0,0,0,0,22010,0,0,0,0,0,
0,0,0,0,0,22005,0,0,0,0,0,
0,0,0,0,0,0,0,0,0,0,0,
0,0,0,0,0,0,0,0,0,0,0,
0,0,0,0,0,0,0,0,0,0,0,
0,0,0,0,0,0,0,0,0,3135,0,
0,0,3135,0,0,0,0,0,0,0,0,
21005,0,0,0,0,0,0,0,0,0,21005,
0,21005,0,0,0,0,0,0,0,21005,0,
0,0,21005,0,0,0,0,0,21005,0,0
</data>
 </layer>
 <layer id="15" name="layer4" width="11" height="21">
  <data encoding="csv">
0,0,0,0,0,0,0,0,0,0,0,
0,0,0,0,0,0,0,0,0,0,0,
0,3224,0,0,0,0,0,0,0,3224,0,
0,0,0,0,0,0,0,0,0,0,0,
0,0,0,0,0,0,0,0,0,0,0,
0,0,0,21007,21007,21007,21007,21007,0,0,0,
0,0,0,0,0,21007,0,0,0,0,0,
0,0,0,15093,0,21007,0,15093,0,0,0,
0,0,0,0,0,21007,0,0,0,0,0,
0,0,0,0,0,0,0,0,0,0,0,
0,0,0,0,0,0,0,0,0,0,0,
0,0,0,0,0,3136,0,0,0,0,0,
0,0,0,0,0,0,0,0,0,0,0,
0,0,0,0,0,0,0,0,0,0,0,
0,0,0,0,0,0,0,0,0,0,0,
0,0,0,21005,0,0,0,21005,0,0,0,
0,0,0,21005,0,0,0,21005,0,0,0,
0,0,0,21005,0,0,0,21005,0,0,0,
0,0,0,21005,0,0,0,21005,0,0,0,
0,0,0,0,0,0,0,0,0,0,0,
3135,0,0,0,0,0,0,0,0,0,3135
</data>
 </layer>
</map>
