<?xml version="1.0" encoding="UTF-8"?>
<map version="1.9" tiledversion="1.9.1" orientation="orthogonal" renderorder="right-down" width="11" height="21" tilewidth="100" tileheight="100" infinite="0" nextlayerid="20" nextobjectid="1">
 <tileset firstgid="1" source="../../map_monster.tsx"/>
 <tileset firstgid="10001" source="../../map_boss.tsx"/>
 <tileset firstgid="20001" source="../../map_good.tsx"/>
 <layer id="1" name="layer1" width="11" height="21" visible="0">
  <data encoding="csv">
0,0,0,0,0,0,0,0,0,0,0,
0,0,0,0,0,0,0,0,3171,0,0,
0,0,0,0,0,0,0,0,21005,0,0,
0,0,0,0,0,0,0,0,21005,0,0,
0,0,0,0,0,0,0,0,21005,0,0,
0,0,0,0,0,21005,21005,21005,21005,0,0,
0,0,0,0,0,21005,0,0,0,0,0,
0,0,0,0,0,21005,0,0,15048,0,0,
0,0,0,0,0,0,0,0,0,0,0,
0,0,3171,0,0,3224,0,0,0,0,0,
0,0,0,0,0,0,0,0,0,0,0,
0,0,0,0,0,0,0,0,0,0,0,
0,0,15050,0,0,21005,0,0,0,0,0,
0,0,0,0,0,21005,0,0,0,0,0,
0,0,21005,21005,21005,21005,0,0,0,0,0,
0,0,21005,0,0,0,0,0,0,0,0,
0,0,21005,0,0,0,0,0,0,0,0,
0,0,21005,0,0,0,0,0,0,0,0,
0,0,0,0,0,0,0,0,0,0,0,
0,0,0,0,0,0,0,0,0,0,0,
3102,0,0,0,0,0,0,0,0,0,3102
</data>
 </layer>
 <layer id="1" name="layer2" width="11" height="21" visible="0">
  <data encoding="csv">
0,0,0,21005,0,0,0,0,0,0,0,
0,0,21005,0,0,0,0,0,0,0,0,
0,21005,0,0,0,0,0,0,0,0,0,
21005,0,0,0,0,0,0,0,0,0,0,
0,0,3205,0,0,0,0,0,0,0,0,
0,0,0,0,0,0,0,15048,0,0,0,
0,0,0,0,0,0,0,0,0,0,0,
0,0,0,0,0,0,0,0,0,0,0,
0,0,3180,0,0,0,0,21005,0,0,0,
0,0,0,0,0,3197,21005,0,0,0,0,
0,0,0,0,0,21005,0,0,0,0,0,
0,0,0,0,21005,0,0,0,0,0,0,
0,0,0,21005,0,0,0,0,0,0,0,
0,0,15050,0,0,0,0,0,0,3205,0,
0,0,0,0,0,0,0,0,0,0,0,
0,0,0,0,0,3180,0,0,0,0,0,
0,0,0,0,0,0,0,0,0,0,0,
0,0,0,0,0,0,0,0,0,0,21005,
0,0,0,0,0,0,0,0,0,21005,0,
0,0,0,0,0,0,0,0,21005,0,0,
0,0,0,0,0,0,0,21005,0,0,0
</data>
 </layer>
 <layer id="2" name="layer3" width="11" height="21" visible="0">
  <data encoding="csv">
0,0,0,0,0,0,0,0,0,0,0,
0,3210,0,0,0,0,0,0,0,0,0,
0,0,0,0,0,0,0,0,0,0,0,
0,0,0,0,0,0,0,0,0,0,0,
0,0,15048,0,0,0,0,0,0,0,0,
0,0,0,0,0,0,0,0,0,3139,0,
0,0,0,0,0,0,0,0,0,0,0,
0,21005,21005,21005,0,3226,0,0,0,0,0,
0,0,0,0,0,0,0,0,0,0,0,
0,0,0,0,0,0,0,0,15050,0,0,
0,0,0,0,0,0,0,0,0,0,0,
0,3139,0,0,0,0,0,0,0,0,0,
0,0,0,0,0,0,0,21005,21005,21005,0,
0,0,0,0,0,0,0,0,0,0,0,
0,0,0,0,0,0,0,0,3210,0,0,
0,0,0,0,0,0,0,0,0,0,0,
0,0,0,0,0,0,0,0,0,0,0,
0,0,0,0,0,0,0,0,0,0,0,
21005,21005,21005,0,0,0,0,0,0,0,0,
0,0,0,0,0,0,0,0,0,0,0,
0,0,0,0,0,0,0,0,0,0,0
</data>
 </layer>
 <layer id="15" name="layer4" width="11" height="21" visible="0">
  <data encoding="csv">
0,0,0,0,0,0,0,0,0,0,0,
0,0,0,0,0,0,0,0,0,0,0,
0,0,0,0,0,0,0,0,21005,0,0,
0,0,15048,0,0,0,0,21005,0,21005,0,
0,0,0,0,0,0,0,0,21005,0,0,
0,0,0,0,0,0,0,0,0,0,0,
0,0,0,0,0,0,0,0,0,0,3226,
0,0,0,0,0,0,0,0,0,0,0,
0,0,21005,0,0,0,0,0,0,0,0,
0,21005,3181,21005,0,3210,0,0,0,0,0,
0,0,21005,0,0,0,0,0,0,0,0,
0,0,0,0,0,0,0,0,0,0,0,
0,0,0,0,0,0,0,0,15050,0,0,
0,0,0,0,0,0,0,0,0,0,0,
3226,0,0,0,0,0,0,0,0,0,0,
0,0,0,0,0,0,0,0,21005,0,0,
0,0,0,0,0,0,0,21005,3181,21005,0,
0,0,0,0,0,0,0,0,21005,0,0,
0,0,0,0,0,0,0,0,0,0,0,
0,0,0,0,0,0,0,0,0,0,0,
0,0,0,0,0,0,0,0,0,0,0
</data>
 </layer>
</map>
